1 397
34 430
67 463
100 496
133 529
166 562
199 595
232 628
265 661
298 694
331 727
364 760
2 431
35 464
68 497
101 530
134 563
167 596
200 629
233 662
266 695
299 728
332 761
365 398
3 465
36 498
69 531
102 564
135 597
168 630
201 663
234 696
267 729
300 762
333 399
366 432
4 499
37 532
70 565
103 598
136 631
169 664
202 697
235 730
268 763
301 400
334 433
367 466
5 533
38 566
71 599
104 632
137 665
170 698
203 731
236 764
269 401
302 434
335 467
368 500
6 567
39 600
72 633
105 666
138 699
171 732
204 765
237 402
270 435
303 468
336 501
369 534
7 601
40 634
73 667
106 700
139 733
172 766
205 403
238 436
271 469
304 502
337 535
370 568
8 635
41 668
74 701
107 734
140 767
173 404
206 437
239 470
272 503
305 536
338 569
371 602
9 669
42 702
75 735
108 768
141 405
174 438
207 471
240 504
273 537
306 570
339 603
372 636
10 703
43 736
76 769
109 406
142 439
175 472
208 505
241 538
274 571
307 604
340 637
373 670
11 737
44 770
77 407
110 440
143 473
176 506
209 539
242 572
275 605
308 638
341 671
374 704
12 771
45 408
78 441
111 474
144 507
177 540
210 573
243 606
276 639
309 672
342 705
375 738
13 409
46 442
79 475
112 508
145 541
178 574
211 607
244 640
277 673
310 706
343 739
376 772
14 443
47 476
80 509
113 542
146 575
179 608
212 641
245 674
278 707
311 740
344 773
377 410
15 477
48 510
81 543
114 576
147 609
180 642
213 675
246 708
279 741
312 774
345 411
378 444
16 511
49 544
82 577
115 610
148 643
181 676
214 709
247 742
280 775
313 412
346 445
379 478
17 545
50 578
83 611
116 644
149 677
182 710
215 743
248 776
281 413
314 446
347 479
380 512
18 579
51 612
84 645
117 678
150 711
183 744
216 777
249 414
282 447
315 480
348 513
381 546
19 613
52 646
85 679
118 712
151 745
184 778
217 415
250 448
283 481
316 514
349 547
382 580
20 647
53 680
86 713
119 746
152 779
185 416
218 449
251 482
284 515
317 548
350 581
383 614
21 681
54 714
87 747
120 780
153 417
186 450
219 483
252 516
285 549
318 582
351 615
384 648
22 715
55 748
88 781
121 418
154 451
187 484
220 517
253 550
286 583
319 616
352 649
385 682
23 749
56 782
89 419
122 452
155 485
188 518
221 551
254 584
287 617
320 650
353 683
386 716
24 783
57 420
90 453
123 486
156 519
189 552
222 585
255 618
288 651
321 684
354 717
387 750
25 421
58 454
91 487
124 520
157 553
190 586
223 619
256 652
289 685
322 718
355 751
388 784
26 455
59 488
92 521
125 554
158 587
191 620
224 653
257 686
290 719
323 752
356 785
389 422
27 489
60 522
93 555
126 588
159 621
192 654
225 687
258 720
291 753
324 786
357 423
390 456
28 523
61 556
94 589
127 622
160 655
193 688
226 721
259 754
292 787
325 424
358 457
391 490
29 557
62 590
95 623
128 656
161 689
194 722
227 755
260 788
293 425
326 458
359 491
392 524
30 591
63 624
96 657
129 690
162 723
195 756
228 789
261 426
294 459
327 492
360 525
393 558
31 625
64 658
97 691
130 724
163 757
196 790
229 427
262 460
295 493
328 526
361 559
394 592
32 659
65 692
98 725
131 758
164 791
197 428
230 461
263 494
296 527
329 560
362 593
395 626
33 693
66 726
99 759
132 792
165 429
198 462
231 495
264 528
297 561
330 594
363 627
396 660
