3.520393266383744 2.0324999999999998 0.0
2.874389065523316 2.8743890655233155 0.6045997880780727
2.0325000000000006 3.5203932663837434 1.2091995761561454
1.0520994183417478 3.9264884838650627 1.8137993642342183
2.4890946192669956e-16 4.065 2.4183991523122907
-1.0520994183417456 3.9264884838650636 3.0229989403903637
-2.0324999999999993 3.520393266383744 3.6275987284684366
-2.8743890655233155 2.874389065523316 4.232198516546509
-3.520393266383743 2.0325000000000015 4.8367983046245815
-3.9264884838650627 1.052099418341748 5.441398092702655
-4.065 2.303041561893904e-15 6.045997880780727
-3.9264884838650636 -1.0520994183417454 6.650597668858801
-3.5203932663837443 -2.032499999999999 7.255197456936873
-2.8743890655233173 -2.874389065523314 7.859797245014946
-2.032500000000002 -3.520393266383743 8.464397033093018
-1.05209941834175 -3.926488483865062 9.06899682117109
-7.467283857800986e-16 -4.065 9.673596609249163
1.0520994183417451 -3.9264884838650636 10.278196397327235
2.0325000000000006 -3.5203932663837434 10.88279618540531
2.874389065523315 -2.8743890655233164 11.487395973483382
3.5203932663837425 -2.032500000000002 12.091995761561455
3.926488483865063 -1.0520994183417467 12.696595549639529
4.065 -9.956378477067982e-16 13.301195337717601
3.9264884838650636 1.052099418341745 13.905795125795672
3.5203932663837434 2.0325 14.510394913873746
2.8743890655233164 2.874389065523315 15.114994701951819
2.0325000000000024 3.5203932663837425 15.719594490029891
1.0520994183417505 3.926488483865062 16.324194278107964
1.244547309633498e-15 4.065 16.928794066186036
-1.0520994183417447 3.9264884838650636 17.53339385426411
-2.032499999999997 3.5203932663837456 18.13799364234218
-2.8743890655233124 2.8743890655233195 18.742593430420257
-3.5203932663837407 2.0325000000000055 19.347193218498326
2.0325000000000006 3.5203932663837434 0.0
1.0520994183417478 3.9264884838650627 0.6045997880780727
2.4890946192669956e-16 4.065 1.2091995761561454
-1.0520994183417465 3.926488483865063 1.8137993642342183
-2.0324999999999993 3.520393266383744 2.4183991523122907
-2.8743890655233155 2.874389065523316 3.0229989403903637
-3.520393266383743 2.0325000000000015 3.6275987284684366
-3.9264884838650627 1.052099418341748 4.232198516546509
-4.065 4.978189238533991e-16 4.8367983046245815
-3.9264884838650636 -1.0520994183417454 5.441398092702655
-3.520393266383745 -2.0324999999999975 6.045997880780727
-2.8743890655233164 -2.8743890655233155 6.650597668858801
-2.032500000000002 -3.520393266383743 7.255197456936873
-1.05209941834175 -3.926488483865062 7.859797245014946
-7.467283857800986e-16 -4.065 8.464397033093018
1.0520994183417451 -3.9264884838650636 9.06899682117109
2.0324999999999975 -3.520393266383745 9.673596609249163
2.874389065523313 -2.8743890655233195 10.278196397327235
3.5203932663837425 -2.032500000000002 10.88279618540531
3.926488483865062 -1.0520994183417502 11.487395973483382
4.065 -4.606083123787808e-15 12.091995761561455
3.9264884838650636 1.052099418341745 12.696595549639529
3.520393266383745 2.032499999999997 13.301195337717601
2.8743890655233195 2.8743890655233124 13.905795125795672
2.0325000000000024 3.5203932663837425 14.510394913873746
1.0520994183417505 3.926488483865062 15.114994701951819
4.854992585714507e-15 4.065 15.719594490029891
-1.0520994183417447 3.9264884838650636 16.324194278107964
-2.032499999999997 3.5203932663837456 16.928794066186036
-2.8743890655233124 2.8743890655233195 17.53339385426411
-3.5203932663837407 2.0325000000000055 18.13799364234218
-3.926488483865063 1.0520994183417471 18.742593430420257
-4.065 1.4934567715601973e-15 19.347193218498326
2.4890946192669956e-16 4.065 0.0
-1.0520994183417465 3.926488483865063 0.6045997880780727
-2.0324999999999993 3.520393266383744 1.2091995761561454
-2.8743890655233155 2.874389065523316 1.8137993642342183
-3.520393266383743 2.0325000000000015 2.4183991523122907
-3.9264884838650627 1.052099418341748 3.0229989403903637
-4.065 4.978189238533991e-16 3.6275987284684366
-3.9264884838650636 -1.0520994183417454 4.232198516546509
-3.5203932663837443 -2.032499999999999 4.8367983046245815
-2.8743890655233164 -2.8743890655233155 5.441398092702655
-2.032500000000002 -3.520393266383743 6.045997880780727
-1.0520994183417465 -3.926488483865063 6.650597668858801
-7.467283857800986e-16 -4.065 7.255197456936873
1.0520994183417451 -3.9264884838650636 7.859797245014946
2.0324999999999975 -3.520393266383745 8.464397033093018
2.874389065523313 -2.8743890655233195 9.06899682117109
3.5203932663837425 -2.032500000000002 9.673596609249163
3.926488483865062 -1.0520994183417502 10.278196397327235
4.065 -9.956378477067982e-16 10.88279618540531
3.9264884838650636 1.052099418341745 11.487395973483382
3.520393266383745 2.032499999999997 12.091995761561455
2.8743890655233164 2.874389065523315 12.696595549639529
2.0325000000000024 3.5203932663837425 13.301195337717601
1.0520994183417505 3.926488483865062 13.905795125795672
1.244547309633498e-15 4.065 14.510394913873746
-1.0520994183417447 3.9264884838650636 15.114994701951819
-2.032499999999997 3.5203932663837456 15.719594490029891
-2.8743890655233124 2.8743890655233195 16.324194278107964
-3.5203932663837443 2.0324999999999993 16.928794066186036
-3.9264884838650613 1.052099418341754 17.53339385426411
-4.065 1.4934567715601973e-15 18.13799364234218
-3.9264884838650636 -1.0520994183417445 18.742593430420257
-3.5203932663837456 -2.0324999999999966 19.347193218498326
-2.0324999999999993 3.520393266383744 0.0
-2.8743890655233155 2.874389065523316 0.6045997880780727
-3.520393266383743 2.0325000000000015 1.2091995761561454
-3.9264884838650627 1.052099418341748 1.8137993642342183
-4.065 4.978189238533991e-16 2.4183991523122907
-3.9264884838650636 -1.0520994183417454 3.0229989403903637
-3.5203932663837443 -2.032499999999999 3.6275987284684366
-2.8743890655233164 -2.8743890655233155 4.232198516546509
-2.032500000000002 -3.520393266383743 4.8367983046245815
-1.0520994183417465 -3.926488483865063 5.441398092702655
-7.467283857800986e-16 -4.065 6.045997880780727
1.0520994183417451 -3.9264884838650636 6.650597668858801
2.0324999999999975 -3.520393266383745 7.255197456936873
2.874389065523313 -2.8743890655233195 7.859797245014946
3.5203932663837425 -2.032500000000002 8.464397033093018
3.926488483865062 -1.0520994183417502 9.06899682117109
4.065 -9.956378477067982e-16 9.673596609249163
3.9264884838650636 1.052099418341745 10.278196397327235
3.520393266383745 2.032499999999997 10.88279618540531
2.8743890655233195 2.8743890655233124 11.487395973483382
2.0325000000000055 3.5203932663837407 12.091995761561455
1.052099418341747 3.926488483865063 12.696595549639529
1.244547309633498e-15 4.065 13.301195337717601
-1.0520994183417447 3.9264884838650636 13.905795125795672
-2.032499999999997 3.5203932663837456 14.510394913873746
-2.8743890655233124 2.8743890655233195 15.114994701951819
-3.5203932663837407 2.0325000000000055 15.719594490029891
-3.9264884838650613 1.052099418341754 16.324194278107964
-4.065 1.4934567715601973e-15 16.928794066186036
-3.9264884838650636 -1.0520994183417445 17.53339385426411
-3.5203932663837456 -2.0324999999999966 18.13799364234218
-2.87438906552332 -2.874389065523312 18.742593430420257
-2.0325000000000055 -3.5203932663837403 19.347193218498326
-3.520393266383743 2.0325000000000015 0.0
-3.9264884838650627 1.052099418341748 0.6045997880780727
-4.065 2.303041561893904e-15 1.2091995761561454
-3.9264884838650636 -1.0520994183417454 1.8137993642342183
-3.520393266383745 -2.0324999999999975 2.4183991523122907
-2.8743890655233173 -2.874389065523314 3.0229989403903637
-2.032500000000002 -3.520393266383743 3.6275987284684366
-1.05209941834175 -3.926488483865062 4.232198516546509
-7.467283857800986e-16 -4.065 4.8367983046245815
1.0520994183417451 -3.9264884838650636 5.441398092702655
2.0324999999999975 -3.520393266383745 6.045997880780727
2.874389065523313 -2.8743890655233195 6.650597668858801
3.5203932663837425 -2.032500000000002 7.255197456936873
3.926488483865062 -1.0520994183417502 7.859797245014946
4.065 -9.956378477067982e-16 8.464397033093018
3.9264884838650636 1.052099418341745 9.06899682117109
3.520393266383745 2.032499999999997 9.673596609249163
2.8743890655233195 2.8743890655233124 10.278196397327235
2.0325000000000024 3.5203932663837425 10.88279618540531
1.0520994183417505 3.926488483865062 11.487395973483382
4.854992585714507e-15 4.065 12.091995761561455
-1.0520994183417447 3.9264884838650636 12.696595549639529
-2.032499999999997 3.5203932663837456 13.301195337717601
-2.8743890655233124 2.8743890655233195 13.905795125795672
-3.5203932663837443 2.0324999999999993 14.510394913873746
-3.9264884838650613 1.052099418341754 15.114994701951819
-4.065 1.4934567715601973e-15 15.719594490029891
-3.9264884838650653 -1.0520994183417374 16.324194278107964
-3.5203932663837456 -2.0324999999999966 16.928794066186036
-2.87438906552332 -2.874389065523312 17.53339385426411
-2.0325000000000055 -3.5203932663837403 18.13799364234218
-1.0520994183417476 -3.926488483865063 18.742593430420257
-8.963256785648917e-15 -4.065 19.347193218498326
-4.065 4.978189238533991e-16 0.0
-3.926488483865063 -1.0520994183417471 0.6045997880780727
-3.5203932663837443 -2.032499999999999 1.2091995761561454
-2.8743890655233164 -2.8743890655233155 1.8137993642342183
-2.032500000000002 -3.520393266383743 2.4183991523122907
-1.0520994183417465 -3.926488483865063 3.0229989403903637
-7.467283857800986e-16 -4.065 3.6275987284684366
1.0520994183417451 -3.9264884838650636 4.232198516546509
2.0324999999999975 -3.520393266383745 4.8367983046245815
2.874389065523315 -2.8743890655233164 5.441398092702655
3.5203932663837425 -2.032500000000002 6.045997880780727
3.926488483865063 -1.0520994183417467 6.650597668858801
4.065 -9.956378477067982e-16 7.255197456936873
3.9264884838650636 1.052099418341745 7.859797245014946
3.520393266383745 2.032499999999997 8.464397033093018
2.8743890655233195 2.8743890655233124 9.06899682117109
2.0325000000000024 3.5203932663837425 9.673596609249163
1.0520994183417505 3.926488483865062 10.278196397327235
1.244547309633498e-15 4.065 10.88279618540531
-1.0520994183417447 3.9264884838650636 11.487395973483382
-2.032499999999997 3.5203932663837456 12.091995761561455
-2.8743890655233124 2.8743890655233195 12.696595549639529
-3.5203932663837443 2.0324999999999993 13.301195337717601
-3.9264884838650613 1.052099418341754 13.905795125795672
-4.065 1.4934567715601973e-15 14.510394913873746
-3.9264884838650636 -1.0520994183417445 15.114994701951819
-3.5203932663837456 -2.0324999999999966 15.719594490029891
-2.87438906552332 -2.874389065523312 16.324194278107964
-2.0325000000000055 -3.5203932663837403 16.928794066186036
-1.0520994183417476 -3.926488483865063 17.53339385426411
-8.963256785648917e-15 -4.065 18.13799364234218
1.0520994183417443 -3.9264884838650636 18.742593430420257
2.0324999999999966 -3.5203932663837456 19.347193218498326
-3.5203932663837443 -2.032499999999999 0.0
-2.8743890655233164 -2.8743890655233155 0.6045997880780727
-2.032500000000002 -3.520393266383743 1.2091995761561454
-1.0520994183417465 -3.926488483865063 1.8137993642342183
-7.467283857800986e-16 -4.065 2.4183991523122907
1.0520994183417451 -3.9264884838650636 3.0229989403903637
2.0324999999999975 -3.520393266383745 3.6275987284684366
2.874389065523315 -2.8743890655233164 4.232198516546509
3.5203932663837425 -2.032500000000002 4.8367983046245815
3.926488483865063 -1.0520994183417467 5.441398092702655
4.065 -9.956378477067982e-16 6.045997880780727
3.9264884838650636 1.052099418341745 6.650597668858801
3.520393266383745 2.032499999999997 7.255197456936873
2.8743890655233195 2.8743890655233124 7.859797245014946
2.0325000000000024 3.5203932663837425 8.464397033093018
1.0520994183417505 3.926488483865062 9.06899682117109
1.244547309633498e-15 4.065 9.673596609249163
-1.0520994183417447 3.9264884838650636 10.278196397327235
-2.032499999999997 3.5203932663837456 10.88279618540531
-2.8743890655233124 2.8743890655233195 11.487395973483382
-3.5203932663837407 2.0325000000000055 12.091995761561455
-3.926488483865063 1.0520994183417471 12.696595549639529
-4.065 1.4934567715601973e-15 13.301195337717601
-3.9264884838650636 -1.0520994183417445 13.905795125795672
-3.5203932663837456 -2.0324999999999966 14.510394913873746
-2.87438906552332 -2.874389065523312 15.114994701951819
-2.0325000000000055 -3.5203932663837403 15.719594490029891
-1.0520994183417542 -3.926488483865061 16.324194278107964
-1.742366233486897e-15 -4.065 16.928794066186036
1.0520994183417443 -3.9264884838650636 17.53339385426411
2.0324999999999966 -3.5203932663837456 18.13799364234218
2.874389065523312 -2.87438906552332 18.742593430420257
3.5203932663837403 -2.032500000000006 19.347193218498326
-2.032500000000002 -3.520393266383743 0.0
-1.05209941834175 -3.926488483865062 0.6045997880780727
-7.467283857800986e-16 -4.065 1.2091995761561454
1.0520994183417451 -3.9264884838650636 1.8137993642342183
2.0324999999999975 -3.520393266383745 2.4183991523122907
2.874389065523313 -2.8743890655233195 3.0229989403903637
3.5203932663837425 -2.032500000000002 3.6275987284684366
3.926488483865062 -1.0520994183417502 4.232198516546509
4.065 -9.956378477067982e-16 4.8367983046245815
3.9264884838650636 1.052099418341745 5.441398092702655
3.520393266383745 2.032499999999997 6.045997880780727
2.8743890655233195 2.8743890655233124 6.650597668858801
2.0325000000000024 3.5203932663837425 7.255197456936873
1.0520994183417505 3.926488483865062 7.859797245014946
1.244547309633498e-15 4.065 8.464397033093018
-1.0520994183417447 3.9264884838650636 9.06899682117109
-2.032499999999997 3.5203932663837456 9.673596609249163
-2.8743890655233124 2.8743890655233195 10.278196397327235
-3.5203932663837443 2.0324999999999993 10.88279618540531
-3.9264884838650613 1.052099418341754 11.487395973483382
-4.065 1.4934567715601973e-15 12.091995761561455
-3.9264884838650636 -1.0520994183417445 12.696595549639529
-3.5203932663837456 -2.0324999999999966 13.301195337717601
-2.87438906552332 -2.874389065523312 13.905795125795672
-2.0325000000000055 -3.5203932663837403 14.510394913873746
-1.0520994183417476 -3.926488483865063 15.114994701951819
-8.963256785648917e-15 -4.065 15.719594490029891
1.0520994183417443 -3.9264884838650636 16.324194278107964
2.0324999999999966 -3.5203932663837456 16.928794066186036
2.874389065523312 -2.87438906552332 17.53339385426411
3.5203932663837403 -2.032500000000006 18.13799364234218
3.926488483865061 -1.052099418341755 18.742593430420257
4.065 -1.9912756954135965e-15 19.347193218498326
-7.467283857800986e-16 -4.065 0.0
1.0520994183417451 -3.9264884838650636 0.6045997880780727
2.0325000000000006 -3.5203932663837434 1.2091995761561454
2.874389065523315 -2.8743890655233164 1.8137993642342183
3.5203932663837425 -2.032500000000002 2.4183991523122907
3.926488483865063 -1.0520994183417467 3.0229989403903637
4.065 -9.956378477067982e-16 3.6275987284684366
3.9264884838650636 1.052099418341745 4.232198516546509
3.520393266383745 2.032499999999997 4.8367983046245815
2.8743890655233164 2.874389065523315 5.441398092702655
2.0325000000000024 3.5203932663837425 6.045997880780727
1.052099418341747 3.926488483865063 6.650597668858801
1.244547309633498e-15 4.065 7.255197456936873
-1.0520994183417447 3.9264884838650636 7.859797245014946
-2.032499999999997 3.5203932663837456 8.464397033093018
-2.8743890655233124 2.8743890655233195 9.06899682117109
-3.5203932663837443 2.0324999999999993 9.673596609249163
-3.9264884838650613 1.052099418341754 10.278196397327235
-4.065 1.4934567715601973e-15 10.88279618540531
-3.9264884838650636 -1.0520994183417445 11.487395973483382
-3.5203932663837456 -2.0324999999999966 12.091995761561455
-2.874389065523314 -2.8743890655233173 12.696595549639529
-2.0325000000000055 -3.5203932663837403 13.301195337717601
-1.0520994183417476 -3.926488483865063 13.905795125795672
-1.742366233486897e-15 -4.065 14.510394913873746
1.0520994183417443 -3.9264884838650636 15.114994701951819
2.0324999999999966 -3.5203932663837456 15.719594490029891
2.874389065523312 -2.87438906552332 16.324194278107964
3.520393266383744 -2.0324999999999998 16.928794066186036
3.926488483865061 -1.052099418341755 17.53339385426411
4.065 -1.9912756954135965e-15 18.13799364234218
3.926488483865064 1.052099418341744 18.742593430420257
3.5203932663837456 2.032499999999996 19.347193218498326
2.0324999999999975 -3.520393266383745 0.0
2.874389065523313 -2.8743890655233195 0.6045997880780727
3.5203932663837425 -2.032500000000002 1.2091995761561454
3.926488483865062 -1.0520994183417502 1.8137993642342183
4.065 -4.606083123787808e-15 2.4183991523122907
3.9264884838650636 1.052099418341745 3.0229989403903637
3.520393266383745 2.032499999999997 3.6275987284684366
2.8743890655233195 2.8743890655233124 4.232198516546509
2.0325000000000055 3.5203932663837407 4.8367983046245815
1.0520994183417505 3.926488483865062 5.441398092702655
4.854992585714507e-15 4.065 6.045997880780727
-1.0520994183417447 3.9264884838650636 6.650597668858801
-2.032499999999997 3.5203932663837456 7.255197456936873
-2.8743890655233124 2.8743890655233195 7.859797245014946
-3.5203932663837407 2.0325000000000055 8.464397033093018
-3.9264884838650613 1.052099418341754 9.06899682117109
-4.065 1.4934567715601973e-15 9.673596609249163
-3.9264884838650653 -1.0520994183417374 10.278196397327235
-3.5203932663837456 -2.0324999999999966 10.88279618540531
-2.87438906552332 -2.874389065523312 11.487395973483382
-2.0325000000000055 -3.5203932663837403 12.091995761561455
-1.0520994183417476 -3.926488483865063 12.696595549639529
-8.963256785648917e-15 -4.065 13.301195337717601
1.0520994183417443 -3.9264884838650636 13.905795125795672
2.0324999999999966 -3.5203932663837456 14.510394913873746
2.874389065523312 -2.87438906552332 15.114994701951819
3.5203932663837403 -2.032500000000006 15.719594490029891
3.926488483865061 -1.052099418341755 16.324194278107964
4.065 -1.9912756954135965e-15 16.928794066186036
3.9264884838650658 1.052099418341737 17.53339385426411
3.5203932663837456 2.032499999999996 18.13799364234218
2.8743890655233204 2.874389065523312 18.742593430420257
2.032500000000006 3.5203932663837403 19.347193218498326
3.5203932663837425 -2.032500000000002 0.0
3.926488483865062 -1.0520994183417502 0.6045997880780727
4.065 -9.956378477067982e-16 1.2091995761561454
3.9264884838650636 1.052099418341745 1.8137993642342183
3.520393266383745 2.032499999999997 2.4183991523122907
2.8743890655233195 2.8743890655233124 3.0229989403903637
2.0325000000000024 3.5203932663837425 3.6275987284684366
1.0520994183417505 3.926488483865062 4.232198516546509
1.244547309633498e-15 4.065 4.8367983046245815
-1.0520994183417447 3.9264884838650636 5.441398092702655
-2.032499999999997 3.5203932663837456 6.045997880780727
-2.8743890655233124 2.8743890655233195 6.650597668858801
-3.5203932663837443 2.0324999999999993 7.255197456936873
-3.9264884838650613 1.052099418341754 7.859797245014946
-4.065 1.4934567715601973e-15 8.464397033093018
-3.9264884838650636 -1.0520994183417445 9.06899682117109
-3.5203932663837456 -2.0324999999999966 9.673596609249163
-2.87438906552332 -2.874389065523312 10.278196397327235
-2.0325000000000055 -3.5203932663837403 10.88279618540531
-1.0520994183417476 -3.926488483865063 11.487395973483382
-8.963256785648917e-15 -4.065 12.091995761561455
1.0520994183417443 -3.9264884838650636 12.696595549639529
2.0324999999999966 -3.5203932663837456 13.301195337717601
2.874389065523312 -2.87438906552332 13.905795125795672
3.520393266383744 -2.0324999999999998 14.510394913873746
3.926488483865061 -1.052099418341755 15.114994701951819
4.065 -1.9912756954135965e-15 15.719594490029891
3.9264884838650658 1.052099418341737 16.324194278107964
3.5203932663837456 2.032499999999996 16.928794066186036
2.8743890655233204 2.874389065523312 17.53339385426411
2.032500000000006 3.5203932663837403 18.13799364234218
1.052099418341748 3.9264884838650627 18.742593430420257
9.461075709502314e-15 4.065 19.347193218498326
4.065 -9.956378477067982e-16 0.0
3.9264884838650636 1.052099418341745 0.6045997880780727
3.5203932663837434 2.0325 1.2091995761561454
2.8743890655233164 2.874389065523315 1.8137993642342183
2.0325000000000024 3.5203932663837425 2.4183991523122907
1.052099418341747 3.926488483865063 3.0229989403903637
1.244547309633498e-15 4.065 3.6275987284684366
-1.0520994183417447 3.9264884838650636 4.232198516546509
-2.032499999999997 3.5203932663837456 4.8367983046245815
-2.8743890655233124 2.8743890655233195 5.441398092702655
-3.5203932663837443 2.0324999999999993 6.045997880780727
-3.926488483865063 1.0520994183417471 6.650597668858801
-4.065 1.4934567715601973e-15 7.255197456936873
-3.9264884838650636 -1.0520994183417445 7.859797245014946
-3.5203932663837456 -2.0324999999999966 8.464397033093018
-2.87438906552332 -2.874389065523312 9.06899682117109
-2.0325000000000055 -3.5203932663837403 9.673596609249163
-1.0520994183417476 -3.926488483865063 10.278196397327235
-1.742366233486897e-15 -4.065 10.88279618540531
1.0520994183417443 -3.9264884838650636 11.487395973483382
2.0324999999999966 -3.5203932663837456 12.091995761561455
2.874389065523312 -2.87438906552332 12.696595549639529
3.520393266383744 -2.0324999999999998 13.301195337717601
3.926488483865061 -1.052099418341755 13.905795125795672
4.065 -1.9912756954135965e-15 14.510394913873746
3.926488483865064 1.052099418341744 15.114994701951819
3.5203932663837456 2.032499999999996 15.719594490029891
2.8743890655233204 2.874389065523312 16.324194278107964
2.032500000000006 3.5203932663837403 16.928794066186036
1.052099418341748 3.9264884838650627 17.53339385426411
9.461075709502314e-15 4.065 18.13799364234218
-1.0520994183417436 3.926488483865064 18.742593430420257
-2.032499999999996 3.520393266383746 19.347193218498326
3.520393266383744 2.0324999999999998 0.0
3.926488483865063 1.052099418341747 0.6045997880780727
4.065 0.0 1.2091995761561454
3.926488483865063 -1.0520994183417471 1.8137993642342183
3.520393266383744 -2.0324999999999998 2.4183991523122907
2.8743890655233164 -2.8743890655233155 3.0229989403903637
2.0324999999999998 -3.520393266383744 3.6275987284684366
1.0520994183417478 -3.9264884838650627 4.232198516546509
2.4890946192669956e-16 -4.065 4.8367983046245815
-1.0520994183417474 -3.926488483865063 5.441398092702655
-2.0324999999999993 -3.520393266383744 6.045997880780727
-2.8743890655233155 -2.874389065523316 6.650597668858801
-3.520393266383744 -2.0324999999999998 7.255197456936873
-3.9264884838650627 -1.052099418341748 7.859797245014946
-4.065 -4.978189238533991e-16 8.464397033093018
-3.9264884838650636 1.0520994183417454 9.06899682117109
-3.5203932663837443 2.032499999999999 9.673596609249163
-2.8743890655233173 2.874389065523314 10.278196397327235
-2.032500000000002 3.520393266383743 10.88279618540531
-1.05209941834175 3.926488483865062 11.487395973483382
-4.357173661861108e-15 4.065 12.091995761561455
1.0520994183417451 3.9264884838650636 12.696595549639529
2.0324999999999975 3.520393266383745 13.301195337717601
2.874389065523313 2.8743890655233195 13.905795125795672
3.5203932663837425 2.032500000000002 14.510394913873746
3.926488483865062 1.0520994183417502 15.114994701951819
4.065 4.606083123787808e-15 15.719594490029891
3.9264884838650644 -1.0520994183417414 16.324194278107964
3.520393266383745 -2.032499999999997 16.928794066186036
2.8743890655233195 -2.8743890655233124 17.53339385426411
2.0325000000000055 -3.5203932663837407 18.13799364234218
1.0520994183417505 -3.926488483865062 18.742593430420257
4.854992585714507e-15 -4.065 19.347193218498326
2.0325000000000006 3.5203932663837434 0.0
2.874389065523316 2.8743890655233155 0.6045997880780727
3.520393266383744 2.0324999999999998 1.2091995761561454
3.926488483865063 1.0520994183417467 1.8137993642342183
4.065 0.0 2.4183991523122907
3.926488483865063 -1.0520994183417467 3.0229989403903637
3.5203932663837434 -2.0325 3.6275987284684366
2.874389065523316 -2.8743890655233155 4.232198516546509
2.0325000000000006 -3.5203932663837434 4.8367983046245815
1.052099418341747 -3.926488483865063 5.441398092702655
1.151520780946952e-15 -4.065 6.045997880780727
-1.0520994183417465 -3.926488483865063 6.650597668858801
-2.032500000000001 -3.5203932663837434 7.255197456936873
-2.8743890655233155 -2.874389065523316 7.859797245014946
-3.520393266383743 -2.0325000000000015 8.464397033093018
-3.926488483865062 -1.0520994183417498 9.06899682117109
-4.065 -4.978189238533991e-16 9.673596609249163
-3.9264884838650636 1.0520994183417454 10.278196397327235
-3.5203932663837434 2.0325000000000006 10.88279618540531
-2.8743890655233164 2.8743890655233155 11.487395973483382
-2.032500000000002 3.520393266383743 12.091995761561455
-1.0520994183417465 3.926488483865063 12.696595549639529
-7.467283857800986e-16 4.065 13.301195337717601
1.0520994183417451 3.9264884838650636 13.905795125795672
2.0325000000000006 3.5203932663837434 14.510394913873746
2.874389065523315 2.8743890655233164 15.114994701951819
3.5203932663837425 2.032500000000002 15.719594490029891
3.926488483865062 1.0520994183417502 16.324194278107964
4.065 9.956378477067982e-16 16.928794066186036
3.9264884838650636 -1.052099418341745 17.53339385426411
3.520393266383745 -2.032499999999997 18.13799364234218
2.8743890655233164 -2.874389065523315 18.742593430420257
2.0325000000000024 -3.5203932663837425 19.347193218498326
2.4890946192669956e-16 4.065 0.0
1.052099418341747 3.926488483865063 0.6045997880780727
2.0324999999999998 3.520393266383744 1.2091995761561454
2.874389065523316 2.8743890655233155 1.8137993642342183
3.5203932663837434 2.0325 2.4183991523122907
3.9264884838650627 1.0520994183417476 3.0229989403903637
4.065 0.0 3.6275987284684366
3.926488483865063 -1.0520994183417467 4.232198516546509
3.520393266383744 -2.0324999999999993 4.8367983046245815
2.874389065523316 -2.8743890655233155 5.441398092702655
2.0325000000000015 -3.520393266383743 6.045997880780727
1.0520994183417478 -3.9264884838650627 6.650597668858801
2.4890946192669956e-16 -4.065 7.255197456936873
-1.0520994183417456 -3.9264884838650636 7.859797245014946
-2.0324999999999993 -3.520393266383744 8.464397033093018
-2.874389065523314 -2.8743890655233173 9.06899682117109
-3.520393266383743 -2.0325000000000015 9.673596609249163
-3.926488483865062 -1.0520994183417498 10.278196397327235
-4.065 -4.978189238533991e-16 10.88279618540531
-3.9264884838650636 1.0520994183417454 11.487395973483382
-3.520393266383745 2.0324999999999975 12.091995761561455
-2.8743890655233164 2.8743890655233155 12.696595549639529
-2.032500000000002 3.520393266383743 13.301195337717601
-1.05209941834175 3.926488483865062 13.905795125795672
-7.467283857800986e-16 4.065 14.510394913873746
1.0520994183417451 3.9264884838650636 15.114994701951819
2.0324999999999975 3.520393266383745 15.719594490029891
2.874389065523313 2.8743890655233195 16.324194278107964
3.5203932663837425 2.032500000000002 16.928794066186036
3.926488483865062 1.0520994183417502 17.53339385426411
4.065 4.606083123787808e-15 18.13799364234218
3.9264884838650636 -1.052099418341745 18.742593430420257
3.520393266383745 -2.032499999999997 19.347193218498326
-2.0324999999999993 3.520393266383744 0.0
-1.0520994183417465 3.926488483865063 0.6045997880780727
2.4890946192669956e-16 4.065 1.2091995761561454
1.0520994183417478 3.9264884838650627 1.8137993642342183
2.0325000000000006 3.5203932663837434 2.4183991523122907
2.874389065523316 2.8743890655233155 3.0229989403903637
3.520393266383744 2.0324999999999993 3.6275987284684366
3.926488483865063 1.0520994183417467 4.232198516546509
4.065 0.0 4.8367983046245815
3.9264884838650627 -1.0520994183417476 5.441398092702655
3.520393266383744 -2.0324999999999993 6.045997880780727
2.874389065523316 -2.8743890655233155 6.650597668858801
2.0324999999999998 -3.520393266383744 7.255197456936873
1.0520994183417478 -3.9264884838650627 7.859797245014946
2.4890946192669956e-16 -4.065 8.464397033093018
-1.0520994183417456 -3.9264884838650636 9.06899682117109
-2.0324999999999993 -3.520393266383744 9.673596609249163
-2.874389065523314 -2.8743890655233173 10.278196397327235
-3.520393266383744 -2.0324999999999998 10.88279618540531
-3.9264884838650627 -1.052099418341748 11.487395973483382
-4.065 -2.303041561893904e-15 12.091995761561455
-3.926488483865063 1.0520994183417471 12.696595549639529
-3.5203932663837443 2.032499999999999 13.301195337717601
-2.8743890655233173 2.874389065523314 13.905795125795672
-2.0324999999999984 3.5203932663837443 14.510394913873746
-1.0520994183417465 3.926488483865063 15.114994701951819
-7.467283857800986e-16 4.065 15.719594490029891
1.0520994183417451 3.9264884838650636 16.324194278107964
2.0324999999999975 3.520393266383745 16.928794066186036
2.874389065523313 2.8743890655233195 17.53339385426411
3.5203932663837407 2.032500000000005 18.13799364234218
3.926488483865063 1.0520994183417467 18.742593430420257
4.065 9.956378477067982e-16 19.347193218498326
-3.520393266383743 2.0325000000000015 0.0
-2.874389065523314 2.8743890655233173 0.6045997880780727
-2.0324999999999993 3.520393266383744 1.2091995761561454
-1.0520994183417456 3.9264884838650636 1.8137993642342183
1.151520780946952e-15 4.065 2.4183991523122907
1.0520994183417478 3.9264884838650627 3.0229989403903637
2.0325000000000015 3.520393266383743 3.6275987284684366
2.8743890655233164 2.874389065523315 4.232198516546509
3.520393266383744 2.0324999999999993 4.8367983046245815
3.926488483865063 1.0520994183417458 5.441398092702655
4.065 0.0 6.045997880780727
3.9264884838650627 -1.0520994183417476 6.650597668858801
3.520393266383743 -2.032500000000001 7.255197456936873
2.874389065523316 -2.8743890655233155 7.859797245014946
2.0324999999999998 -3.520393266383744 8.464397033093018
1.0520994183417478 -3.9264884838650627 9.06899682117109
2.4890946192669956e-16 -4.065 9.673596609249163
-1.0520994183417456 -3.9264884838650636 10.278196397327235
-2.032500000000001 -3.5203932663837434 10.88279618540531
-2.8743890655233155 -2.874389065523316 11.487395973483382
-3.520393266383743 -2.0325000000000015 12.091995761561455
-3.926488483865063 -1.0520994183417463 12.696595549639529
-4.065 -4.978189238533991e-16 13.301195337717601
-3.9264884838650636 1.0520994183417454 13.905795125795672
-3.5203932663837434 2.0325000000000006 14.510394913873746
-2.8743890655233164 2.8743890655233155 15.114994701951819
-2.032500000000002 3.520393266383743 15.719594490029891
-1.05209941834175 3.926488483865062 16.324194278107964
-7.467283857800986e-16 4.065 16.928794066186036
1.0520994183417451 3.9264884838650636 17.53339385426411
2.0324999999999975 3.520393266383745 18.13799364234218
2.874389065523315 2.8743890655233164 18.742593430420257
3.5203932663837425 2.032500000000002 19.347193218498326
-4.065 4.978189238533991e-16 0.0
-3.9264884838650627 1.052099418341748 0.6045997880780727
-3.520393266383744 2.0324999999999998 1.2091995761561454
-2.8743890655233155 2.874389065523316 1.8137993642342183
-2.032500000000001 3.5203932663837434 2.4183991523122907
-1.0520994183417474 3.926488483865063 3.0229989403903637
2.4890946192669956e-16 4.065 3.6275987284684366
1.052099418341747 3.926488483865063 4.232198516546509
2.0324999999999998 3.520393266383744 4.8367983046245815
2.874389065523316 2.8743890655233155 5.441398092702655
3.520393266383743 2.032500000000001 6.045997880780727
3.9264884838650627 1.0520994183417476 6.650597668858801
4.065 0.0 7.255197456936873
3.926488483865063 -1.0520994183417458 7.859797245014946
3.520393266383744 -2.0324999999999993 8.464397033093018
2.874389065523317 -2.8743890655233146 9.06899682117109
2.0325000000000015 -3.520393266383743 9.673596609249163
1.0520994183417496 -3.926488483865062 10.278196397327235
2.4890946192669956e-16 -4.065 10.88279618540531
-1.0520994183417456 -3.9264884838650636 11.487395973483382
-2.032499999999998 -3.520393266383745 12.091995761561455
-2.8743890655233155 -2.874389065523316 12.696595549639529
-3.520393266383743 -2.0325000000000015 13.301195337717601
-3.926488483865062 -1.0520994183417498 13.905795125795672
-4.065 -4.978189238533991e-16 14.510394913873746
-3.9264884838650636 1.0520994183417454 15.114994701951819
-3.520393266383745 2.0324999999999975 15.719594490029891
-2.874389065523319 2.874389065523313 16.324194278107964
-2.032500000000002 3.520393266383743 16.928794066186036
-1.05209941834175 3.926488483865062 17.53339385426411
-4.357173661861108e-15 4.065 18.13799364234218
1.0520994183417451 3.9264884838650636 18.742593430420257
2.0324999999999975 3.520393266383745 19.347193218498326
-3.5203932663837443 -2.032499999999999 0.0
-3.9264884838650636 -1.0520994183417454 0.6045997880780727
-4.065 4.978189238533991e-16 1.2091995761561454
-3.9264884838650627 1.052099418341748 1.8137993642342183
-3.520393266383743 2.0325000000000015 2.4183991523122907
-2.8743890655233155 2.874389065523316 3.0229989403903637
-2.0324999999999993 3.520393266383744 3.6275987284684366
-1.0520994183417465 3.926488483865063 4.232198516546509
2.4890946192669956e-16 4.065 4.8367983046245815
1.0520994183417478 3.9264884838650627 5.441398092702655
2.0324999999999998 3.520393266383744 6.045997880780727
2.874389065523316 2.8743890655233155 6.650597668858801
3.520393266383744 2.0324999999999993 7.255197456936873
3.9264884838650627 1.0520994183417476 7.859797245014946
4.065 0.0 8.464397033093018
3.926488483865063 -1.0520994183417458 9.06899682117109
3.520393266383744 -2.0324999999999993 9.673596609249163
2.874389065523317 -2.8743890655233146 10.278196397327235
2.0324999999999998 -3.520393266383744 10.88279618540531
1.0520994183417478 -3.9264884838650627 11.487395973483382
2.0541320999672044e-15 -4.065 12.091995761561455
-1.0520994183417474 -3.926488483865063 12.696595549639529
-2.0324999999999993 -3.520393266383744 13.301195337717601
-2.874389065523314 -2.8743890655233173 13.905795125795672
-3.520393266383744 -2.0324999999999998 14.510394913873746
-3.9264884838650627 -1.052099418341748 15.114994701951819
-4.065 -2.303041561893904e-15 15.719594490029891
-3.926488483865064 1.0520994183417436 16.324194278107964
-3.5203932663837443 2.032499999999999 16.928794066186036
-2.8743890655233173 2.874389065523314 17.53339385426411
-2.032500000000005 3.5203932663837407 18.13799364234218
-1.0520994183417465 3.926488483865063 18.742593430420257
-7.467283857800986e-16 4.065 19.347193218498326
-2.032500000000002 -3.520393266383743 0.0
-2.8743890655233173 -2.874389065523314 0.6045997880780727
-3.5203932663837443 -2.032499999999999 1.2091995761561454
-3.9264884838650636 -1.0520994183417454 1.8137993642342183
-4.065 4.978189238533991e-16 2.4183991523122907
-3.9264884838650627 1.052099418341748 3.0229989403903637
-3.520393266383743 2.0325000000000015 3.6275987284684366
-2.8743890655233155 2.874389065523316 4.232198516546509
-2.0324999999999993 3.520393266383744 4.8367983046245815
-1.0520994183417456 3.9264884838650636 5.441398092702655
2.4890946192669956e-16 4.065 6.045997880780727
1.0520994183417478 3.9264884838650627 6.650597668858801
2.0325000000000015 3.520393266383743 7.255197456936873
2.874389065523316 2.8743890655233155 7.859797245014946
3.520393266383744 2.0324999999999993 8.464397033093018
3.9264884838650627 1.0520994183417476 9.06899682117109
4.065 0.0 9.673596609249163
3.926488483865063 -1.0520994183417458 10.278196397327235
3.520393266383743 -2.032500000000001 10.88279618540531
2.874389065523316 -2.8743890655233155 11.487395973483382
2.0325000000000015 -3.520393266383743 12.091995761561455
1.052099418341746 -3.926488483865063 12.696595549639529
2.4890946192669956e-16 -4.065 13.301195337717601
-1.0520994183417456 -3.9264884838650636 13.905795125795672
-2.032500000000001 -3.5203932663837434 14.510394913873746
-2.8743890655233155 -2.874389065523316 15.114994701951819
-3.520393266383743 -2.0325000000000015 15.719594490029891
-3.926488483865062 -1.0520994183417498 16.324194278107964
-4.065 -4.978189238533991e-16 16.928794066186036
-3.9264884838650636 1.0520994183417454 17.53339385426411
-3.520393266383745 2.0324999999999975 18.13799364234218
-2.8743890655233164 2.8743890655233155 18.742593430420257
-2.032500000000002 3.520393266383743 19.347193218498326
-7.467283857800986e-16 -4.065 0.0
-1.0520994183417465 -3.926488483865063 0.6045997880780727
-2.032500000000002 -3.520393266383743 1.2091995761561454
-2.8743890655233164 -2.8743890655233155 1.8137993642342183
-3.5203932663837434 -2.0325000000000006 2.4183991523122907
-3.926488483865063 -1.0520994183417471 3.0229989403903637
-4.065 4.978189238533991e-16 3.6275987284684366
-3.926488483865063 1.0520994183417463 4.232198516546509
-3.520393266383744 2.0324999999999998 4.8367983046245815
-2.8743890655233155 2.874389065523316 5.441398092702655
-2.032500000000001 3.5203932663837434 6.045997880780727
-1.0520994183417474 3.926488483865063 6.650597668858801
2.4890946192669956e-16 4.065 7.255197456936873
1.052099418341746 3.926488483865063 7.859797245014946
2.0324999999999998 3.520393266383744 8.464397033093018
2.8743890655233146 2.874389065523317 9.06899682117109
3.520393266383743 2.032500000000001 9.673596609249163
3.926488483865062 1.0520994183417494 10.278196397327235
4.065 0.0 10.88279618540531
3.926488483865063 -1.0520994183417458 11.487395973483382
3.5203932663837447 -2.032499999999998 12.091995761561455
2.874389065523316 -2.8743890655233155 12.696595549639529
2.0325000000000015 -3.520393266383743 13.301195337717601
1.0520994183417496 -3.926488483865062 13.905795125795672
2.4890946192669956e-16 -4.065 14.510394913873746
-1.0520994183417456 -3.9264884838650636 15.114994701951819
-2.032499999999998 -3.520393266383745 15.719594490029891
-2.874389065523313 -2.874389065523319 16.324194278107964
-3.520393266383743 -2.0325000000000015 16.928794066186036
-3.926488483865062 -1.0520994183417498 17.53339385426411
-4.065 -4.108264199934409e-15 18.13799364234218
-3.9264884838650636 1.0520994183417454 18.742593430420257
-3.520393266383745 2.0324999999999975 19.347193218498326
2.0324999999999975 -3.520393266383745 0.0
1.0520994183417451 -3.9264884838650636 0.6045997880780727
-4.357173661861108e-15 -4.065 1.2091995761561454
-1.05209941834175 -3.926488483865062 1.8137993642342183
-2.032500000000002 -3.520393266383743 2.4183991523122907
-2.8743890655233173 -2.874389065523314 3.0229989403903637
-3.520393266383745 -2.0324999999999975 3.6275987284684366
-3.9264884838650636 -1.0520994183417454 4.232198516546509
-4.065 2.303041561893904e-15 4.8367983046245815
-3.926488483865062 1.0520994183417498 5.441398092702655
-3.520393266383743 2.0325000000000015 6.045997880780727
-2.874389065523314 2.8743890655233173 6.650597668858801
-2.032499999999998 3.520393266383745 7.255197456936873
-1.0520994183417456 3.9264884838650636 7.859797245014946
2.0541320999672044e-15 4.065 8.464397033093018
1.0520994183417478 3.9264884838650627 9.06899682117109
2.0325000000000015 3.520393266383743 9.673596609249163
2.874389065523316 2.8743890655233155 10.278196397327235
3.5203932663837447 2.032499999999998 10.88279618540531
3.926488483865063 1.0520994183417458 11.487395973483382
4.065 0.0 12.091995761561455
3.926488483865062 -1.0520994183417494 12.696595549639529
3.520393266383743 -2.032500000000001 13.301195337717601
2.874389065523316 -2.8743890655233155 13.905795125795672
2.032499999999998 -3.5203932663837447 14.510394913873746
1.052099418341746 -3.926488483865063 15.114994701951819
2.4890946192669956e-16 -4.065 15.719594490029891
-1.0520994183417456 -3.9264884838650636 16.324194278107964
-2.032500000000001 -3.5203932663837434 16.928794066186036
-2.8743890655233155 -2.874389065523316 17.53339385426411
-3.520393266383743 -2.0325000000000015 18.13799364234218
-3.926488483865063 -1.0520994183417463 18.742593430420257
-4.065 -4.978189238533991e-16 19.347193218498326
3.5203932663837425 -2.032500000000002 0.0
2.874389065523315 -2.8743890655233164 0.6045997880780727
2.0324999999999975 -3.520393266383745 1.2091995761561454
1.0520994183417451 -3.9264884838650636 1.8137993642342183
-7.467283857800986e-16 -4.065 2.4183991523122907
-1.0520994183417465 -3.926488483865063 3.0229989403903637
-2.032500000000002 -3.520393266383743 3.6275987284684366
-2.8743890655233164 -2.8743890655233155 4.232198516546509
-3.5203932663837443 -2.032499999999999 4.8367983046245815
-3.9264884838650636 -1.0520994183417454 5.441398092702655
-4.065 4.978189238533991e-16 6.045997880780727
-3.9264884838650627 1.052099418341748 6.650597668858801
-3.520393266383743 2.0325000000000015 7.255197456936873
-2.8743890655233155 2.874389065523316 7.859797245014946
-2.0324999999999993 3.520393266383744 8.464397033093018
-1.0520994183417474 3.926488483865063 9.06899682117109
2.4890946192669956e-16 4.065 9.673596609249163
1.052099418341746 3.926488483865063 10.278196397327235
2.0325000000000015 3.520393266383743 10.88279618540531
2.874389065523316 2.8743890655233155 11.487395973483382
3.520393266383743 2.032500000000001 12.091995761561455
3.926488483865063 1.0520994183417458 12.696595549639529
4.065 0.0 13.301195337717601
3.926488483865063 -1.0520994183417458 13.905795125795672
3.520393266383743 -2.032500000000001 14.510394913873746
2.874389065523316 -2.8743890655233155 15.114994701951819
2.0325000000000015 -3.520393266383743 15.719594490029891
1.0520994183417496 -3.926488483865062 16.324194278107964
2.4890946192669956e-16 -4.065 16.928794066186036
-1.0520994183417456 -3.9264884838650636 17.53339385426411
-2.032499999999998 -3.520393266383745 18.13799364234218
-2.8743890655233155 -2.874389065523316 18.742593430420257
-3.520393266383743 -2.0325000000000015 19.347193218498326
4.065 -9.956378477067982e-16 0.0
3.926488483865063 -1.0520994183417467 0.6045997880780727
3.5203932663837425 -2.032500000000002 1.2091995761561454
2.874389065523315 -2.8743890655233164 1.8137993642342183
2.0325000000000006 -3.5203932663837434 2.4183991523122907
1.0520994183417451 -3.9264884838650636 3.0229989403903637
-7.467283857800986e-16 -4.065 3.6275987284684366
-1.0520994183417465 -3.926488483865063 4.232198516546509
-2.0324999999999984 -3.5203932663837443 4.8367983046245815
-2.8743890655233164 -2.8743890655233155 5.441398092702655
-3.5203932663837434 -2.0325000000000006 6.045997880780727
-3.926488483865063 -1.0520994183417471 6.650597668858801
-4.065 4.978189238533991e-16 7.255197456936873
-3.926488483865063 1.0520994183417463 7.859797245014946
-3.520393266383744 2.0324999999999998 8.464397033093018
-2.874389065523317 2.8743890655233146 9.06899682117109
-2.032500000000001 3.5203932663837434 9.673596609249163
-1.052099418341749 3.9264884838650627 10.278196397327235
2.4890946192669956e-16 4.065 10.88279618540531
1.052099418341746 3.926488483865063 11.487395973483382
2.032499999999998 3.5203932663837447 12.091995761561455
2.874389065523316 2.8743890655233155 12.696595549639529
3.520393266383743 2.032500000000001 13.301195337717601
3.926488483865062 1.0520994183417494 13.905795125795672
4.065 0.0 14.510394913873746
3.926488483865063 -1.0520994183417458 15.114994701951819
3.5203932663837447 -2.032499999999998 15.719594490029891
2.874389065523319 -2.8743890655233133 16.324194278107964
2.0325000000000015 -3.520393266383743 16.928794066186036
1.0520994183417496 -3.926488483865062 17.53339385426411
3.859354738007709e-15 -4.065 18.13799364234218
-1.0520994183417456 -3.9264884838650636 18.742593430420257
-2.032499999999998 -3.520393266383745 19.347193218498326
