-0.18971379746284434	0.19370841593897073	-0.26349411295745284
0.19351832460979576	0.14936427002557948	-0.26164046429053756
0.6536692184848935	0.09020608626323935	-0.25408432913220785
1.1846359241933948	0.03226212983316335	-0.24845630268909324
1.7780523215674038	-0.019046297359081792	-0.2506192908549374
2.433320477733367	-0.057406317138170876	-0.271733566342281
3.1406179936532346	-0.08160307041975202	-0.32051844224138976
3.8900436525707165	-0.08449362874152078	-0.4068384648119143
4.6717487078442215	-0.0738119925020842	-0.5410391507346257
5.471223451042446	-0.04384122036654304	-0.7279748309349968
6.285950085573638	4.1327376130056984e-5	-0.9790846158700558
7.0966637269747155	0.05720088273233186	-1.2882023442315071
7.90284833492323	0.12093951144638017	-1.6609546499629868
8.693809901793278	0.1708178874145277	-2.0893456931569685
9.478332732134305	0.19422442013794636	-2.5800533819050395
10.266721203243568	0.16970243963840934	-3.1384305410247193
11.07611082103457	0.09687647486208473	-3.7748511078429363
11.928941852085627	-0.01735443663378477	-4.5099420097629865
12.834126146435104	-0.14087369934860058	-5.342365161579954
13.794504724643339	-0.2216415699896549	-6.26229990505226
14.796635971989096	-0.228610652250168	-7.219521674000673
15.82282583005935	-0.1382928463191465	-8.147700092466485
16.871069118333832	-0.00019969633482712397	-8.986993136747769
17.954561831631924	0.11995952106249348	-9.710792878601492
19.10667809265531	0.1707300506302252	-10.370707242867391
20.346148606941064	0.14456641555343305	-11.026560774537536
21.668257815369934	0.08655809255412356	-11.724954890169615
23.042635288619188	0.030773812873157683	-12.448722971106651
24.441727050911034	-0.01805073135309926	-13.181041692812238
25.855502311898864	-0.08077136281765401	-13.958199483552177
27.271503287825283	-0.14512650361685006	-14.822236940225313
28.670149416443838	-0.19735170604854277	-15.796698426261036
30.03732191546246	-0.18149807346131064	-16.900222794668803
-0.36854736255611514	0.13035356239622986	0.008142949230294084
0.1157152992928116	0.032881098684870956	0.021486486109255798
0.6600091604480093	-0.038355569789005554	0.02970775484347411
1.2623867268437805	-0.07825470484802584	0.023200040830316758
1.904166426236576	-0.09486161053011283	-0.0022430237220286762
2.5794831768763107	-0.08678296362821995	-0.056125358803107
3.279656326573784	-0.06815431027333739	-0.14762283773953624
3.9965397518323424	-0.03649754479658606	-0.2843887007090221
4.731238953130647	-0.00023443367659682401	-0.4790398571451825
5.469516898434422	0.043901541818201446	-0.7298049318032049
6.21210507120149	0.09478460484602615	-1.042088165710875
6.94521804379459	0.1402111743900822	-1.40545326454446
7.674381249101166	0.16862720344365617	-1.8222319831123213
8.408606321416464	0.15456433264001213	-2.296344464205766
9.16751524315759	0.09169137975605131	-2.840321965679849
9.97645653861211	-0.017434176009380426	-3.476309660696365
10.848347923995837	-0.14147705736466584	-4.211640006194021
11.784653878318554	-0.22576941616469803	-5.038136714516499
12.76679673229337	-0.23570946780383287	-5.905334410301297
13.77133286002369	-0.14686916624916055	-6.748983421318447
14.7880619757723	0.00014643562019224523	-7.5090644356571365
15.822615096789367	0.1389309596452619	-8.147495210474247
16.91228224040697	0.2072681724099064	-8.705706692483753
18.086897870639245	0.18498042777943843	-9.246553691394293
19.357996137314057	0.11260585065283447	-9.838461403633788
20.706597059239765	0.03443084031276151	-10.500470019072536
22.093312781203903	-0.018719307581680392	-11.200942663731633
23.49156704237857	-0.05963433218045409	-11.929792236799305
24.888048980792696	-0.09584377357509702	-12.714811384703008
26.27003820599058	-0.12338729151735528	-13.589055413672053
27.62158478911212	-0.1233588480499646	-14.571416134807944
28.92377902937281	-0.09375202130646738	-15.657569331630487
30.169033750217622	0.015088695536910682	-16.841016864576638
-0.3662959182920783	-0.09898644991505029	0.26309171597511083
0.20875400569138278	-0.13608501548916851	0.25887790812962164
0.7999964511892479	-0.14435685937018955	0.24658979683356502
1.4158646428800825	-0.11841339670267695	0.21374022069529605
2.043263633477686	-0.08321802477425969	0.15389501926928986
2.681441172233483	-0.03881684887139135	0.05756386052018622
3.3340202753228807	-0.000317716769311961	-0.08790710693040008
3.9950297448892975	0.03710069410712769	-0.28596144680459895
4.668807997787978	0.07323198411332082	-0.5442052166823592
5.3422338599045345	0.10613358785898297	-0.8533299077926596
6.015598727021924	0.13172786530405886	-1.2095732772744077
6.6925173055499405	0.12657470826100709	-1.610796668783946
7.393508805050429	0.07710420867595141	-2.0689760296474757
8.148179102471202	-0.020906463042383132	-2.6083585879468103
8.9751878495912	-0.14035345010714637	-3.2439922878698777
9.876988469015881	-0.2258876072859266	-3.973197079033789
10.830950179384978	-0.23656977109616667	-4.75027742438481
11.806106325276332	-0.1483821455663006	-5.508392502907566
12.786658365885652	0.00025024360458086035	-6.188141101133902
13.77129546217396	0.14757617618607158	-6.74867254025516
14.796136489376266	0.22809441956698032	-7.219530413588798
15.898976185690026	0.20993010961269296	-7.659681216069396
17.102467032658925	0.12934356657439552	-8.141681827226567
18.401227982951806	0.03330379527602744	-8.706479522335327
19.761310367882718	-0.033024224681961166	-9.34599614261825
21.143872236181597	-0.06660953605892518	-10.030982165113585
22.522921002998157	-0.08325017648118901	-10.755871772461044
23.885710136835222	-0.09054525340957681	-11.545704425214206
25.22045143855588	-0.08422137345622276	-12.427526889974473
26.51220224173404	-0.05830430385709768	-13.408512304538425
27.749955871096667	0.0010940230846392517	-14.491514872502377
28.922651251151724	0.07698981514978848	-15.660794582684261
30.031425789741697	0.20484369767038185	-16.891485741122708
-0.17228091468682485	-0.24895782629124716	0.4325268866506998
0.4053363593129292	-0.1825010303227632	0.4097263259414066
0.9669241425345527	-0.12347140018692296	0.37312945236394784
1.531401685733849	-0.053332232676766754	0.3091200639890632
2.1011859613406183	-0.0005404979376144322	0.2061194149022586
2.680013888638486	0.040865360801110535	0.05646079964247368
3.2773847411653105	0.06708671644863422	-0.15046620769723754
3.886496002222394	0.08453312783026207	-0.4108624454718465
4.5058953176025645	0.09655166429090356	-0.7198403678378439
5.1293229935919005	0.0919509059473073	-1.0656159090316693
5.769277928206799	0.0551826719078611	-1.4501622486582346
6.459341171618406	-0.027069291772349326	-1.8978708218339595
7.2281766124383955	-0.13705282832242466	-2.4331384425323885
8.08204586704218	-0.22186760662018082	-3.060389927335419
8.997606665312173	-0.23546777189770324	-3.7437394945491795
9.935855728722245	-0.14859067281036814	-4.41776329404324
10.873839416757411	0.00022550656926186797	-5.019728573813402
11.806200725070275	0.14891710049052645	-5.508072414323207
12.766532467747908	0.23559912026291274	-5.905084644363053
13.795321427450393	0.22191564268942815	-6.261292507088863
14.924021776072948	0.13704055239429844	-6.647078423970242
16.157418899443947	0.026883592849765922	-7.1109921946153065
17.469656643763933	-0.055920484285681644	-7.661581142394327
18.822997021333755	-0.09378802143461001	-8.281406061407438
20.181655878764865	-0.09937397367366864	-8.949028286415825
21.524502513731857	-0.08762142625109626	-9.668428750812922
22.83958033715548	-0.06958812371810018	-10.462921350788951
24.11507370809288	-0.04232923856166627	-11.34584713116936
25.34222548014621	0.00033399901850560273	-12.331506165073801
26.511182846843102	0.0542224972215996	-13.40965015146829
27.61947334477973	0.12509437009662486	-14.571764679885714
28.667058279849	0.18443427453899083	-15.805143609287823
29.663514774602767	0.2506377928764551	-17.07667805280901
0.05145129145870368	-0.20401708136565289	0.51966604480246
0.5523479209808456	-0.07638496014235938	0.4805232703422984
1.0383947175394557	-0.0012695179126691939	0.4135066057918522
1.5300414473447912	0.05701696144591369	0.3085141500481191
2.0416494125218847	0.08181642284557172	0.15173081481723638
2.576385596311841	0.08735779325310579	-0.059285105902410484
3.137622080844088	0.07993452546924916	-0.3250101599119325
3.7156861350215054	0.0640105887838862	-0.6322362705267957
4.30548343886641	0.03177695413831766	-0.9667076005365248
4.928762081171647	-0.03354042684054335	-1.3373719899007932
5.625980826428085	-0.12924814596199719	-1.77488896731277
6.416401367409617	-0.2097465150072296	-2.2977141299931936
7.279815246801166	-0.22788588692045816	-2.8817783962742776
8.172041442104875	-0.14729277650684602	-3.469148850768247
9.061231799010752	0.00019900923116428334	-3.99665582399687
9.935988600690052	0.1488566700276472	-4.417524884323573
10.830799297426122	0.23686094730973165	-4.750016253110277
11.785735915536305	0.2259713421888557	-5.036960174264288
12.836368539070014	0.14034453288204085	-5.341761424048164
13.996886775863532	0.02079475228070798	-5.715814705020458
15.246863600650848	-0.07746143636394735	-6.17404490998979
16.55338669380452	-0.1275217827498738	-6.711130462168275
17.87908053637246	-0.13349421617615578	-7.308664368120808
19.196610298818975	-0.10853686912998782	-7.960056983574932
20.488878677655705	-0.0754909989100782	-8.676684149368075
21.74360596497702	-0.03856699987118398	-9.469825244133295
22.95481177098012	8.724803696363239e-5	-10.361376202316345
24.113579300530272	0.03980818925478158	-11.346905814322099
25.217920327860398	0.08521411390665551	-12.42841011967129
26.2672080495588	0.12099426798634498	-13.591585454831064
27.267950536024756	0.14703395230385502	-14.823045031468787
28.229904531726582	0.13840013088375852	-16.11910297837574
29.168025578852465	0.10053764579213767	-17.45149949891132
0.14857342932916398	-0.015170050360159315	0.5425545471896303
0.5489911218209601	0.09282965466249758	0.4805660536725952
0.9659287895949832	0.12136965325461634	0.3711895640378652
1.4127104138099573	0.12044718751204082	0.21181904438949173
1.9021821623273816	0.09254165579784729	-0.005975057020215667
2.431027931109844	0.05683090778818243	-0.2760763645134542
2.9867136456812027	0.017308369569171433	-0.5814993616176912
3.562908925994327	-0.034362527316553475	-0.9061271608617913
4.185963692484286	-0.11198991419673439	-1.2615049651061467
4.897040056612026	-0.18442156841446158	-1.6811764397417874
5.691749703963179	-0.20677655610920767	-2.1620446728741527
6.5253333250270105	-0.13850565782023286	-2.6575119002593337
7.3595225209389765	0.0002933579182122857	-3.1105604503487347
8.172098373464614	0.14737556990610262	-3.469054323777959
8.99736593498709	0.23616244324841715	-3.743620409371626
9.878061815567554	0.22598476736540662	-3.9720618375428556
10.850142800561509	0.14151845618828232	-4.209999475538763
11.933608330585889	0.01737264703621207	-4.506708588794109
13.112822625558225	-0.09186001202954727	-4.880030016654126
14.360080218504487	-0.1549692869933947	-5.332825070162635
15.638241359326132	-0.16944936764881907	-5.851079565433569
16.918952338112746	-0.14158908359930494	-6.428501542208186
18.18154445951143	-0.09636948669813261	-7.069548147526945
19.410142114971027	-0.04513012232739355	-7.778883232307368
20.599589786049226	6.240503260998329e-7	-8.579466126613042
21.74164574945753	0.03744779863677266	-9.470786735784426
22.836191752515624	0.07021725086090597	-10.464196543446056
23.88176522965247	0.08956887986492063	-11.547772177720761
24.88397463222141	0.09784481478136477	-12.715685434674908
25.851597667810417	0.08082000822535791	-13.959183654507587
26.797399362855593	0.040007532472517225	-15.264235590903448
27.736235897138968	-0.0323764539883026	-16.629703906628095
28.68366063027999	-0.1307175938289542	-18.03695709878299
0.057526433600968443	0.18049798298665015	0.511001529838934
0.3964968472191553	0.19505350487459902	0.4096976955652863
0.7982262850913896	0.14212553373148115	0.24334981402099692
1.2604529524835757	0.07794963223892899	0.019620957020438434
1.7774365209048009	0.016542594564410377	-0.2547624301390236
2.3298427205049785	-0.030174559246091352	-0.5579706005173357
2.9047094020656283	-0.08464061055643703	-0.8678386528171612
3.533161034968506	-0.14296680535094283	-1.200799595335082
4.242790905449809	-0.16969530234839555	-1.5792591636026407
5.003457873174802	-0.11927924053132133	-1.9799136666818342
5.7753542710986805	0.0006269014780222368	-2.3567339427184284
6.525218750000702	0.1386365897252776	-2.657569126172652
7.27921929556527	0.22898486978295218	-2.8818339323364
8.08282609435521	0.22189214712319538	-3.059490094906149
8.976128257613318	0.1409704001016714	-3.2415993541850905
9.980806570972284	0.01732104024743592	-3.4726510173353535
11.083147955193757	-0.09697377074888473	-3.7697265442775203
12.26212495156901	-0.1698871921016948	-4.142516189990881
13.481010745330803	-0.19453205267516496	-4.58028616938572
14.712467258400837	-0.17139961270761878	-5.079693469414802
15.934854904059122	-0.12176537138132905	-5.643358771389846
17.12946076090961	-0.05801657629721509	-6.27145960984364
18.290086235307438	-0.0002676334466441999	-6.983440366253414
19.407875779568677	0.044551472539160454	-7.779955820694949
20.484945595843868	0.07562362885222079	-8.678463816394233
21.519607572576923	0.08716176863510262	-9.670641298274298
22.517805145442402	0.08458293525568987	-10.757447523924657
23.486870554402564	0.059954016397501995	-11.930911824082811
24.437831451355187	0.02041900319941228	-13.180730344473501
25.384510586115276	-0.03256955402916379	-14.495989258687002
26.341640723121078	-0.09219813964427484	-15.855799257605376
27.32434535376863	-0.1522018141396445	-17.250023736076432
28.343375548567682	-0.19545407134396622	-18.667208903492433
-0.166823901855163	0.23931503377358582	0.4211809738163352
0.1995911116965925	0.14103986052394862	0.25732490658939416
0.6594863628009265	0.03543318319444641	0.025444897493655534
1.1854474439319904	-0.032218216355539064	-0.2529688165130285
1.7418369332330403	-0.06947389514530426	-0.5457104133535201
2.31652353968511	-0.09639518198709877	-0.8321759801380808
2.938102922839094	-0.1194603899810057	-1.125248243026325
3.6132792536098184	-0.09091266700138494	-1.4337196162209893
4.314730703707308	0.0010764012910586232	-1.7338526748979055
5.003103909336413	0.11967101626460074	-1.9801658392682457
5.690633974949903	0.2081342715021962	-2.16229521467273
6.416704053926282	0.20972381691644632	-2.297361721689598
7.228118950895703	0.13802785657392486	-2.4307009142100875
8.152007695900737	0.02071745837991112	-2.604729635691523
9.173135524041165	-0.09186560155002509	-2.8338384551600333
10.275773865164878	-0.16997979727605292	-3.1313540626663583
11.425278288457688	-0.20331821015898432	-3.4904858057978854
12.5965150346935	-0.1878642811970056	-3.9114562529518606
13.767566287721989	-0.14042377187175445	-4.396505723585781
14.91840285196533	-0.07059477094214478	-4.944273656989107
16.041695724840352	-0.0004934487702643969	-5.57001844175506
17.126747434036893	0.05733421435149372	-6.272894380727212
18.176963507241197	0.09588596878012128	-7.071962259737988
19.19093045753494	0.10793778653687229	-7.962943726744046
20.175834784511366	0.09955931276830049	-8.951868310663816
21.138602344704566	0.06648496914261516	-10.033668166381522
22.089284985228996	0.019920380813556102	-11.202527574482295
23.039702988377428	-0.030538559096901455	-12.449360999488759
24.001662806292327	-0.07073845707170656	-13.748214066106812
24.989632557117787	-0.09351911121357058	-15.069737319011544
26.01791703307444	-0.10088966021765494	-16.388579581294447
27.09713368357059	-0.08184677244819966	-17.69108849078369
28.225850569514602	0.0018325896489461899	-18.955031555721433
-0.3660568977665619	0.09773161970862511	0.2542694072254309
0.11122390807067137	-0.0326505718918713	0.017206253692991568
0.6547038090403091	-0.09175027131087292	-0.2583439333925173
1.2129473995157045	-0.08800450554082406	-0.5322127597475953
1.7739801205188954	-0.07857801713754965	-0.7798957083304766
2.3625062940199566	-0.05812119383731822	-1.013815763737188
2.9860187557812856	0.0008713587170374017	-1.2405382977550936
3.6127869541587407	0.09127963049024485	-1.434299743963622
4.241262645977975	0.1708689879905924	-1.5799204327081786
4.897147608634093	0.1841574133563649	-1.6818445484337003
5.6254355292864595	0.13013837339191167	-1.773505684722297
6.462714877162206	0.02691192834502179	-1.8950801291621133
7.397848239443374	-0.07710712785674488	-2.062463052503333
8.416569142156355	-0.15491829016176392	-2.2891914892022553
9.487036253681412	-0.19447146150598732	-2.5723030633206045
10.587724836802963	-0.18779737139471986	-2.9159112217800147
11.697111294541196	-0.14683885543549738	-3.322809994678993
12.794352987652513	-0.07759459640157784	-3.7913149324248603
13.871300050727061	-0.0004130788736617058	-4.333467208706992
14.915115699919886	0.06987160358432536	-4.946232726733774
15.929153876710414	0.12104564459522253	-5.646535219322863
16.91189380724764	0.14103269620054087	-6.432315864397656
17.871850230752038	0.1331010379266938	-7.312277272833228
18.81681257983635	0.09332102067442102	-8.285326894555363
19.757043357433872	0.0329983371858539	-9.348881167871198
20.70455830973127	-0.03410145759281331	-10.503515327215215
21.66797476493642	-0.0853012675663169	-11.72654397545514
22.6569847128155	-0.09913519669500329	-12.984128143961843
23.683280582003874	-0.08102385350562002	-14.231159181048204
24.76144876068597	-0.045511238565695424	-15.436623885681689
25.900772952500468	0.002351691479074292	-16.596789914973307
27.09921247469306	0.08376327600127947	-17.69018202620265
28.347777661059627	0.1980948700079466	-18.66534580079932
-0.3716186943140873	-0.13087065560327224	0.0021216177888730503
0.19156975586970998	-0.14904529402442637	-0.26636546277414347
0.7343430317224675	-0.09814196229599616	-0.5066222353286998
1.2579763045103638	-0.04341464836740959	-0.7028837629711711
1.8007035893405097	-0.0008123913574699986	-0.8705423802597057
2.3623489819498182	0.05769504188150654	-1.014444830843124
2.9370399176713016	0.1194943473452342	-1.12624861069819
3.5336998108323083	0.14215774386271546	-1.2023241183324649
4.186276182100093	0.11206631185438592	-1.2617335574151818
4.932114730337032	0.033391394247505354	-1.3359893538446657
5.773165774596393	-0.0549016646465236	-1.4452483880609686
6.699262150116389	-0.12663317771861074	-1.6046569070735974
7.681520753944557	-0.1686939415095993	-1.81499236954711
8.701289312736021	-0.1708712306830212	-2.082939309760119
9.739054218948459	-0.13993551395329135	-2.4132206891087433
10.773489200423827	-0.07735527338629061	-2.804368471150322
11.79581621109865	-9.796657586911e-5	-3.2662261958781897
12.790761545098109	0.07716042091947455	-3.7937110296750767
13.760969281751027	0.13988445071661157	-4.400531648014768
14.703974978002393	0.1710781825752887	-5.084616944843043
15.629105246079355	0.16922247628150636	-5.855429617880734
16.54543942510373	0.1273168315316819	-6.715586324322779
17.463867434794913	0.055509238500660696	-7.663863316436041
18.398893584549388	-0.03318409130131558	-8.709591297541206
19.35820528106595	-0.1125194818383116	-9.839354230803595
20.347443237807127	-0.1434376640769117	-11.028088229062892
21.370779279385857	-0.1212556114554422	-12.215693718246241
22.438033474655967	-0.05917422181385051	-13.352592318361161
23.565329934321557	0.0011221323391927959	-14.424447763533516
24.761578427672568	0.04692399500859441	-15.436142128820167
26.019466026725848	0.1031975561962307	-16.388337285946754
27.32926933236916	0.15229600163927917	-17.249223645766286
28.690284379477646	0.13129267288526852	-18.03560710331282
-0.19246867834360473	-0.19570377324295005	-0.26727703989381846
0.3072865151563662	-0.08068046208121284	-0.4653387996079913
0.774356596610212	-0.001998368387465182	-0.6018870764166138
1.2582866618424169	0.04268755461394484	-0.7028130762843373
1.77396812698864	0.07704137801913091	-0.7801029895960305
2.317070215021389	0.09589448484701156	-0.8324945928105777
2.9058539998427637	0.08359406509065664	-0.8677892731608928
3.566043312027648	0.03403835982308835	-0.9049407960313954
4.309355003315395	-0.03187265251717764	-0.9634239204201281
5.134872108783666	-0.09173955259827789	-1.060928057777395
6.021327842834019	-0.13163199820668578	-1.203866336343319
6.951100011861169	-0.1400396284223819	-1.3999946212763852
7.907764860814964	-0.12061795407623413	-1.6566416153852768
8.87040159605372	-0.06990287783046555	-1.9733853675879278
9.830547247476513	0.00021417965876244178	-2.3591677746705497
10.770025205052384	0.07735151650199797	-2.8069602557993956
11.690412767528176	0.1466498490251307	-3.3275034694144923
12.587440618150744	0.18766853814425316	-3.9174231628671916
13.470845540897061	0.19448210018050277	-4.585897588782476
14.350768879390195	0.15505449757508066	-5.338036897243724
15.239455520294072	0.07729916303971092	-6.176180854901013
16.153815081482385	-0.026785955924288708	-7.113638451503043
17.101552477301865	-0.13009957395321348	-8.141263473371675
18.08762306361088	-0.18440291541946396	-9.247451830282866
19.107934051642466	-0.17134514759935793	-10.369993369908332
20.16285527036218	-0.09163173108228838	-11.44403763194428
21.267087695508774	-0.0005035738287289324	-12.436835444699417
22.437373196949306	0.06020575717174594	-13.352334193689396
23.682982231276767	0.08310599118127027	-14.230720241975199
24.991444241070326	0.0928235573158786	-15.070486983422384
26.345069728354293	0.09395656791869429	-15.857605797476033
27.74166356893096	0.03209848490578903	-16.62641020065857
29.17611591754003	-0.09950319045523687	-17.454472057923677
-0.07442871349552466	-0.0012779733159958547	-0.38991020545297367
0.3086460354007825	0.07962147691569847	-0.4635288121171979
0.7347258970254434	0.09645115830887946	-0.5049778712666515
1.2123750658401342	0.08920802937549574	-0.5298661891499961
1.7417232051087361	0.06807323688918283	-0.5434139232469967
2.3309333335895697	0.03000246686045594	-0.5549827648482198
2.9891849802947514	-0.018638132055019577	-0.5778902161810644
3.719678069492835	-0.0641568646715757	-0.6279171347088968
4.510352414316006	-0.09706451508982028	-0.7151618877635102
5.346716892244142	-0.10595319925396793	-0.8488326480294831
6.215884511919024	-0.09472953617901049	-1.0385596012078608
7.098891192647444	-0.05701213530248698	-1.2860948032281034
7.989498152678524	0.0002820469300083072	-1.6011608708772733
8.867462186927542	0.07016705541850027	-1.9758511755633936
9.733005594120934	0.14009292752493502	-2.4180732821477724
10.579055697459024	0.1876293115731155	-2.9224830858796946
11.415376117734738	0.20317003674641637	-3.4974868016524936
12.252495918575876	0.16988464805434444	-4.14875920372753
13.10500490373602	0.09184642001211599	-4.8833603245485016
13.992391767651034	-0.020691665110988147	-5.718586429794426
14.922029546126883	-0.13791176317767959	-6.64675162754161
15.898770273136885	-0.20959577783473105	-7.66043579635499
16.913091826207104	-0.20805280565220247	-8.705273429599046
17.95499723808664	-0.1196058392771176	-9.7108100555212
19.03222846989912	-0.0006652771247311987	-10.627206922436775
20.16211002379507	0.09194435703811428	-11.44404810094756
21.36942422219573	0.12174765737797594	-12.215935171596009
22.656746006192634	0.10002657505748219	-12.982980672206509
24.003532742992316	0.07241438042110117	-13.74846719311283
25.388240153688546	0.032586895228379834	-14.497673770177153
26.801425944766496	-0.037257052299962144	-15.26475902613459
28.234478164491694	-0.14369005855164851	-16.110670792220414
29.67212448598625	-0.24119815174296078	-17.085667286392308
-0.19072078691151798	0.1935308372864039	-0.2673556945768376
0.3098145613919982	0.08018452732476923	-0.46540774265513307
0.7730874723431216	-0.002310802261163921	-0.6015981639358818
1.259179986491328	-0.04427630282634711	-0.7026221245162471
1.7728711226516258	-0.07731401098196572	-0.7790486570267771
2.316986798235143	-0.09736469576938858	-0.8317488155489228
2.905850517565315	-0.08281507330059891	-0.8671805234676118
3.564049603700627	-0.03476627789402066	-0.903374764833222
4.309743060168817	0.03211272595217263	-0.9634033410653527
5.133527237902809	0.092973718440105	-1.059778841199004
6.021230658102124	0.13048345169176764	-1.2036314459468378
6.951820583025827	0.14185399610154836	-1.400574516158437
7.906345536914156	0.11926050257084123	-1.6550870509466307
8.872283265927402	0.07067056806304073	-1.9754234380818299
9.82867402717999	-6.449424927036025e-5	-2.356878499097201
10.771650005746713	-0.07829874830404644	-2.8090320751029063
11.689327137062651	-0.14538615967978247	-3.3258519748216484
12.58791894491106	-0.18960760931802248	-3.9179750513395577
13.470989445262193	-0.192993814462526	-4.586135343927718
14.350163757010368	-0.15616553207850073	-5.336447336843047
15.240446389563033	-0.07717824634499962	-6.178626425713178
16.15303762852399	0.027891192535500303	-7.110508474457515
17.10205855376914	0.12778666312228293	-8.143401581881315
18.08785069991589	0.18746624598870917	-9.246318177123303
19.107550759950307	0.16837493806346382	-10.36963015384159
20.16341375083433	0.0928579994807955	-11.445870068501288
21.26664157851156	-0.0006324504970185555	-12.434857222116243
22.437949934872396	-0.0599814943541179	-13.35426938594673
23.683837981367798	-0.08003582919897352	-14.230569983294098
24.9911305119031	-0.09557897385897746	-15.070475760176045
26.344883650505178	-0.09204109039637087	-15.85616405762705
27.742226766459204	-0.034701220842702885	-16.627744113020444
29.1757491185044	0.10054793003612836	-17.451955414307932
-0.3702686376115026	0.1302512333581593	0.0019432868436175684
0.1924918939120249	0.15186315376705867	-0.2655450661640147
0.7339047064879384	0.09553851354971099	-0.5064560027183921
1.2597936998476889	0.04304099628805477	-0.7035577160383797
1.7992518749873694	-0.0010346142866875549	-0.8699767834747639
2.3636150301901138	-0.058828323155806474	-1.014736439571907
2.9368680042118958	-0.11760171121777266	-1.125450430162495
3.5329910081164893	-0.14457496524847654	-1.2018103139896603
4.187239713013099	-0.1103205653633219	-1.2619075787521201
4.929553742373231	-0.03446100855352761	-1.3341857055662645
5.774579310849417	0.05514714946949419	-1.446210536224406
6.697947264297609	0.1276500056300488	-1.6034990052525455
7.681815754307359	0.16723747079728377	-1.8151697196485728
8.701870674307164	0.17253539968488096	-2.0835945740639095
9.73782359645389	0.1385231216744736	-2.4117127987006475
10.77508401696682	0.07806475838793561	-2.806512479411443
11.794178868280634	-9.842377815307433e-5	-3.2638462617385415
12.79214680516865	-0.07830744011281951	-3.7958728719277692
13.759946009165219	-0.13886138350004928	-4.3987388041892865
14.704265635728683	-0.17311018059536237	-5.085152133027055
15.62905001982603	-0.16806264766796514	-5.855504441215803
16.54468745331658	-0.12859598500514968	-6.713593825504337
17.464121372229354	-0.05588529044998611	-7.6651310960152275
18.397969910917077	0.034200278419609244	-8.706081095643865
19.35789192346113	0.11093187578375269	-9.839808067027132
20.347097919595328	0.14616607054025374	-11.026728670194796
21.370033906113612	0.11989692332473553	-12.214859464840423
22.437822923831554	0.0609298119881661	-13.353666290567629
23.565323713186157	0.001350677477768676	-14.422912200718862
24.761598002738918	-0.04587906011188836	-15.438267803036185
26.019564003116887	-0.09998809888011205	-16.38837757379873
27.32826607430047	-0.1546792527095043	-17.25040761790253
28.690024276911114	-0.13060344095755125	-18.0375805775885
-0.36865432352734157	-0.09898956386937192	0.25570097124636565
0.11173157944672106	0.03524070131088012	0.01648575197297874
0.6528039031393564	0.09004272519307474	-0.2572988077868733
1.2125612881479528	0.09125238180571864	-0.531614685548858
1.773172658640038	0.07605115420564142	-0.7804234987946894
2.3639553716179904	0.05851175715551146	-1.0149703702139712
2.984312099622441	0.0010218601728334154	-1.2393956275834714
3.614536216877523	-0.09181206429428891	-1.4356360322588186
4.241454443226052	-0.16731967698300854	-1.5797100514289883
4.896478795241316	-0.1869354702990437	-1.6820365701819144
5.627715449048089	-0.12769246274751112	-1.7751339383475657
6.4604403820034015	-0.028101083249236897	-1.8935934162647572
7.40008908751236	0.07681849211945882	-2.064572962308878
8.415543758803917	0.15576056316449965	-2.2883271487230097
9.487388078126784	0.1926839661876506	-2.572736181861048
10.58822329218681	0.18937396956266633	-2.9167495478043914
11.696025256627864	0.14519571434459386	-3.321304391595733
12.795762195453879	0.07810155065730452	-3.793646712607471
13.869838661140571	-0.00014173508226333504	-4.33091348565204
14.916295843537533	-0.07110310021078627	-4.948596727446315
15.928161205632623	-0.12010524177411529	-5.644545487412967
16.91206187289774	-0.143222909386624	-6.43290026728103
17.871554458070385	-0.13225645332203684	-7.311809393629799
18.81607661774944	-0.09480465408747905	-8.283231014761483
19.756754198591324	-0.03335746472600221	-9.34880970727991
20.703662352698785	0.03482624860226153	-10.50052855768493
21.66729078213905	0.08471919681119527	-11.7258124633117
22.65621817620066	0.10098863950842515	-12.983222829088307
23.682620901946528	0.08181922928861363	-14.22940881274173
24.76091338931466	0.047787424584480244	-15.437137461139018
25.90095310220673	0.0026579735219543774	-16.595540735510493
27.098424027141505	-0.08239542104510644	-17.692801790783705
28.347292982336587	-0.1952609020418136	-18.667655010021136
-0.17463109507119576	-0.249084195419687	0.42584211743816786
0.20377585825363373	-0.13541058248248772	0.25289279835738104
0.6584623952904741	-0.037684785992829505	0.025913042342115743
1.1822115638343254	0.034684944836936696	-0.2506696320643336
1.7408473937466793	0.06772021960058314	-0.5457275004550707
2.317268222990424	0.09777847221584864	-0.833140351574687
2.9365589144793254	0.11827732390745338	-1.1249344000536505
3.6147528755867206	0.09272604698140804	-1.4347743387623368
4.312606052520764	0.0012994489117875842	-1.7321511918454517
5.005001077919262	-0.1207145253162801	-1.9821602462777665
5.690612848292103	-0.20421751630726398	-2.162037810078027
6.415926322829394	-0.21276563220609743	-2.2975864109657684
7.23067046148891	-0.1355668812368461	-2.4329089258163585
8.150121834875845	-0.02176933585509889	-2.603326255455131
9.175189719686527	0.09124607883953276	-2.836132586904561
10.274961375620817	0.17094804531393631	-3.1306189685065653
11.425430750545456	0.20151132587877058	-3.4907729299015764
12.597020918587923	0.1893989662684766	-3.91246683489446
13.766663035945525	0.13854817325940458	-4.39490895298729
14.919688064615498	0.071037072979393	-4.946799351014071
16.040419693137963	-1.8782311859387853e-5	-5.567232788524168
17.127798925594853	-0.05842787686259154	-6.275498238088526
18.176173741881847	-0.09473238870076922	-7.069826862427211
19.191201388704414	-0.11011117260846445	-7.9636588504567
20.17572293849176	-0.09840096476619511	-8.951366511151866
21.138371900135972	-0.06770338862684931	-10.032551594746968
22.089334557435578	-0.019619643566603083	-11.203251618850118
23.03945693893515	0.030673420067016104	-12.448924526243704
24.001602762555486	0.07017943418039606	-13.74880735392332
24.98937479750274	0.09359080793467928	-15.070477875541766
26.018224284528486	0.10183441435791141	-16.387176256822574
27.097588675462237	0.0850048069378606	-17.691034769935403
28.226389755995218	0.0014661661587092782	-18.955261696388124
0.05021922676505845	-0.20447361817761953	0.5163470427905436
0.4016882958838372	-0.18267922805979964	0.40379653543188304
0.7979721910055487	-0.14335302408686698	0.24327504914271927
1.2587639341626173	-0.07740744727947496	0.020551096375941227
1.7761887201092748	-0.018376045747584505	-0.25402094168863065
2.3285630513076594	0.03180808381174356	-0.5571426181223155
2.905352696854819	0.08278930340989289	-0.8690260353052616
3.5338979254236325	0.14432133366730665	-1.2015237283784623
4.240929387709403	0.16888609016689923	-1.577937612253818
5.005240706814106	0.12139499822669132	-1.981100599932459
5.7730447812666945	0.000729755588095224	-2.354643445748511
6.526963635348772	-0.14033698187354796	-2.6597124802089005
7.279101769727613	-0.22529897561540485	-2.8812966056840095
8.082011185406065	-0.22488286637766094	-3.0594082315047793
8.978331096475838	-0.13883010051698627	-3.2436643983373723
9.979286993789737	-0.018071800937755605	-3.471187091207473
11.08445476235444	0.09639035785694637	-3.7714395631002877
12.261493795976467	0.1710624923578686	-4.141831935569897
13.481040888805643	0.1927862920832149	-4.580333717606126
14.713042349776904	0.17278237916148037	-5.0808773110180425
15.934151461591755	0.11982389248434501	-5.641640083238836
17.130572125916935	0.05860184976141327	-6.274105442211659
18.28904847381094	0.0001733083763760237	-6.980519761817
19.408799563839146	-0.04565489687320142	-7.782563071700121
20.484525042507766	-0.0741546708284267	-8.676487323083721
21.520011128102514	-0.0891511654950508	-9.671309133461511
22.518046718281653	-0.08275217542468205	-10.757806724540233
23.48710087225951	-0.060698427564042326	-11.930969941945929
24.43831036629141	-0.019581627990328945	-13.183203545158193
25.384794096588994	0.03236989053962749	-14.49763157298626
26.342183159569075	0.091437105686478	-15.85835948255645
27.32539214622902	0.15345289978110802	-17.248395123539975
28.34479508699703	0.19681202403044099	-18.66646133985243
0.1493554213907681	-0.016290224047436772	0.5443315661422616
0.5507890985334438	-0.0761965235663639	0.47641450611354796
0.9651625851586408	-0.12264081704145043	0.3714790068317428
1.4135173816063986	-0.11870957618262576	0.2109008549268174
1.9015356310067162	-0.0936757149240543	-0.005486851397318042
2.4296276044269676	-0.05692951262018338	-0.2749148092031704
2.986875044321547	-0.018038007432680477	-0.5817865582025938
3.563310878923402	0.035230154190437526	-0.9066290744510196
4.186543459896978	0.11050345629772561	-1.2623047482323475
4.897171872016752	0.18649662439436596	-1.680876510361789
5.690232999825887	0.20537254849979944	-2.160677570427801
6.527206012244894	0.14040108978027593	-2.658957419719005
7.3573522871992285	0.00028165575220286517	-3.1082874899618
8.1736152646895	-0.14921838773153734	-3.4711403929661895
8.997327662016481	-0.23284478982932813	-3.742948955771421
9.877400253905051	-0.22865596085052547	-3.971828301655057
10.851747389948228	-0.1397756141821966	-4.211639272725559
11.932396823760971	-0.01784092048064461	-4.505257911859765
13.11342007165552	0.09144799571830177	-4.88102415553779
14.359720014150094	0.15606076674776462	-5.3323894628484805
15.6383810777752	0.16757995905008566	-5.851184131750282
16.919530123137182	0.14270881364944932	-6.429865809314756
18.180934739079472	0.09469807152773371	-7.067737396423672
19.410971628866257	0.04562747537188163	-7.781536578085315
20.598811649910168	0.00015272438365586486	-8.576715940935731
21.742314564477265	-0.03929887235201311	-9.472901486654475
22.835954376842114	-0.0687414812312964	-10.462678172993888
23.88196430111131	-0.09190706149071579	-11.54771618404978
24.884058487657846	-0.09580720225640858	-12.716714372885225
25.85159718892799	-0.08166822397396212	-13.95877019699909
26.797460669367222	-0.03873606082793245	-15.267336293450697
27.736821036198336	0.031826454394442	-16.625155942899607
28.68428154784722	0.1305260644582035	-18.03848088484528
0.06073284828050331	0.17847917162737273	0.5172585051436951
0.5491385146268309	0.09377782108020405	0.47944781278783366
1.0378032938632116	-0.0010971122072819472	0.4141113736363516
1.5312780770606345	-0.05335499103459611	0.3074144160003633
2.0407674442206876	-0.08208881353234533	0.1523481159791723
2.5771293757136613	-0.08740490169164133	-0.05964011026789068
3.1369845110322983	-0.08018486431926938	-0.32435833957700877
3.715382320924792	-0.06425095555303044	-0.6318531315227511
4.30682916995978	-0.03159417147019407	-0.9680371476860633
4.928904972080618	0.03419753026994787	-1.3374533755648583
5.626006694429634	0.12801578544400896	-1.7748615634072662
6.416230141622545	0.21208622188192489	-2.296928810744498
7.278676774370901	0.22592414181796283	-2.88081941198111
8.173734529567652	0.14911020616639417	-3.4707501153349085
9.05933114352162	0.00016026622614222707	-3.9943210170529193
9.937324474607953	-0.15042578818688518	-4.419615956163424
10.830860188924119	-0.23382423703076483	-4.749377288012281
11.785245550031256	-0.22829200584387557	-5.036803022635486
12.837272998200092	-0.13890775612295145	-5.342896657228512
13.995981900115662	-0.021160613978191408	-5.714637919593122
15.247227145480464	0.07707169519701361	-6.174869644993239
16.55339568613531	0.12810120962082605	-6.711294550346477
17.879357854099375	0.1315563189422075	-7.309073424693895
19.19696664660799	0.10946511032614017	-7.961434655682344
20.488259626317454	0.07436467184502528	-8.674913853631926
21.744152133674753	0.0381048830339538	-9.472329098395155
22.954243243603724	-8.713715671802815e-5	-10.359161437292522
24.113886806144087	-0.043158656073671385	-11.348045287835042
25.2175101577036	-0.08379030453029185	-12.427595144944199
26.266943327941483	-0.12451596103164819	-13.590158700357676
27.267388256699267	-0.14497055739166131	-14.824342700270847
28.23015528863088	-0.14495750190951864	-16.110141572147214
29.167603340677765	-0.09836646208491323	-17.45784148248093
-0.16145211486622335	0.23698910052183403	0.42913077889618845
0.397556702921807	0.196483829648933	0.41171217501792307
0.9673348325727358	0.12088778442590567	0.373654350281194
1.5315665693315987	0.05779624908748824	0.3089582846359484
2.099987241097642	-0.00018565812255589862	0.20707226529983092
2.6818239669379493	-0.03906502320691798	0.05530921167004073
3.2760565423238486	-0.06686542574264998	-0.1493419138806988
3.8873088839100083	-0.08562931024247218	-0.4111325803049225
4.505791737201226	-0.09555407050801473	-0.7197450196667377
5.12955568512189	-0.09226082140140741	-1.0657812504439121
5.770175311703188	-0.054794508088817445	-1.4510776054512258
6.458666810772851	0.027489889839548854	-1.8969128159555444
7.228242042355086	0.13582911667704214	-2.4332006798230954
8.081749017733095	0.2242785990187827	-3.0594825041381886
8.996631070580863	0.23320149745806582	-3.7430616735956357
9.93730861092007	0.15060489219579054	-4.419413306766959
10.872175484185032	0.00022574866091365844	-5.017308885455901
11.80739645864332	-0.1501261453007097	-5.510300629019456
12.766550488531507	-0.23277113450161172	-5.904454317930694
13.794880364324655	-0.22403105083123204	-6.261286018879729
14.924327421997596	-0.13574194187573277	-6.647743398708823
16.156951816521207	-0.027369947992522816	-7.110501119786591
17.470334816451615	0.05539201169147026	-7.663151663922504
18.823203543232054	0.09384159345665485	-8.282085715560843
20.181732629483808	0.09806995784172735	-8.949286302418605
21.524567785647395	0.08828301174576043	-9.669600823401554
22.839067804019958	0.06894853351850273	-10.461500163068527
24.115528275649734	0.04005350212563417	-11.348026356031328
25.34177299664917	-1.576169177659452e-5	-12.330091869805143
26.511252921024568	-0.05907203674552118	-13.409737170610553
27.618825233363566	-0.12288315517908985	-14.571874745684669
28.667956356996363	-0.19876879909668863	-15.796942905501046
29.662796618944554	-0.238879476036112	-17.087843659373444
-0.35985500126808395	0.09660643526809985	0.2610339534686418
0.20069058007156487	0.14231232402390054	0.26164022741960535
0.8016793858275965	0.14197811588155324	0.24649893563789585
1.4148910399208516	0.12159071648322561	0.21433456258032688
2.0427498916167406	0.08137927900760623	0.1544969915005323
2.682537946653732	0.04170794983357709	0.0567771949674588
3.332108157746881	-0.00014134190237106222	-0.08655579561760982
3.9971227346896447	-0.03716615485926041	-0.2873152366138267
4.667196096933072	-0.07253881016384624	-0.5428459548047252
5.34316290297909	-0.10750110285460475	-0.8539493075991477
6.015623640058932	-0.13007603424299524	-1.209750254925651
6.692394432241369	-0.12741805830607833	-1.6106150411929467
7.393839683416743	-0.0768875936751407	-2.069299778680457
8.147037881442172	0.021178383423617053	-2.606699665893224
8.97551360547054	0.13898170848264746	-3.244740025871386
9.876603627847967	0.22849527753748664	-3.972143749786732
10.829992317842793	0.2341049941607802	-4.749606379449106
11.807395373704829	0.15074864065578025	-5.510096823433217
12.785167193921785	0.0002904014235332887	-6.185545554513254
13.77232694562616	-0.1485919667758291	-6.751105522569527
14.795904427640846	-0.2255796762060931	-7.218667467913557
15.898542420030344	-0.21195346858557093	-7.659831151067228
17.10264398655784	-0.12800884464330514	-8.142274185908745
18.40138860149899	-0.03399635374025968	-8.707103710513916
19.762210457925914	0.03272038022579535	-9.34818974947081
21.14376854985921	0.06658441238467232	-10.031049405000791
22.522659838392812	0.08318972177216034	-10.755466698596312
23.88585126715385	0.09018720457222149	-11.546810851147454
25.220238044984992	0.08410200173180811	-12.426674663058497
26.512799806673485	0.05424526311203296	-13.410106743896979
27.749614404100843	0.0009239442555339712	-14.49078621225238
28.92478804232951	-0.09469110200223463	-15.658071402292101
30.030351975979347	-0.17949057151749395	-16.900996429601477
-0.3667766238259083	-0.13008154661706975	0.006742701666640831
0.1118331998829073	-0.032393862889270736	0.02227265349492098
0.6633193433351515	0.0369506918954186	0.028297464714933006
1.262424073186656	0.0788588162965815	0.023095486808287193
1.9053922959187295	0.09251529547710985	-0.0028822878493135586
2.579652111313593	0.0887406379410177	-0.05648949312165991
3.2784356307541165	0.06622737302351787	-0.14694916602553823
3.998420790183566	0.03784322558746803	-0.2858706024377348
4.728899859818739	-0.00039477376519100746	-0.47729721247169504
5.471632646244443	-0.04493987793323787	-0.7314581584197883
6.210482617526308	-0.09353893729235288	-1.040737504908725
6.946086850576744	-0.1417313857357046	-1.406287544502357
7.674212720047023	-0.1670425839072485	-1.822184621235367
8.408082195569751	-0.15592708248178783	-2.2955892106341813
9.16795019710791	-0.0914726596053586	-2.8408997977805135
9.975202036634926	0.017796373600799633	-3.4742320867878616
10.848939415805974	0.13980154476977713	-4.213187199548194
11.784305399941562	0.2287166281247763	-5.036861335998664
12.76589600779745	0.23297648439444243	-5.904545722342405
13.77257281664882	0.1494924074758739	-6.750831264925657
14.786730321484892	0.0001624978173832079	-7.506253624790963
15.823405621285218	-0.14003821281829737	-8.150030230774883
16.911754648015528	-0.20531711340700062	-8.70434852089555
18.086738912247505	-0.1867338457487101	-9.24712424469809
19.358680206041626	-0.11097862715127675	-9.83982435150499
20.707049645583883	-0.0352975413563219	-10.501544828019131
22.093680712146327	0.019334439216864112	-11.201790855155945
23.49110774838334	0.05949480950754817	-11.92858308472925
24.887909528594257	0.09667802546916061	-12.714423007778773
26.270656133111572	0.12129032603783489	-13.590390199654333
27.62162231924415	0.12427461328218069	-14.570746972517304
28.927012491335216	0.07679879452162847	-15.660768100114568
30.16710597904142	0.016205601690370705	-16.841133922619434
-0.19034421739749302	-0.19440769229120675	-0.2648301940518407
0.19224748466103786	-0.15023004843576518	-0.26237744645736655
0.6564080385798842	-0.08920598580073737	-0.2558307224274133
1.1866886671942083	-0.032000653354405176	-0.2496754953534454
1.7806735303056618	0.018104830342146074	-0.2522664546116566
2.433769767547594	0.05791473652840904	-0.27229360090180954
3.1411746200893105	0.07943774755314165	-0.3211074105593901
3.8908423487767188	0.08608551862364382	-0.40769663602829104
4.670157292930916	0.07187127860644164	-0.5400375366755403
5.4734811608266005	0.044424625145491926	-0.729890500247626
6.28355464237419	-0.00041818268116583485	-0.9770430587117788
7.0986854587331525	-0.05830400278370058	-1.29012502208467
7.901373406699524	-0.11939498367220659	-1.6595640152958908
8.694545260147407	-0.1725825156669072	-2.090123503919207
9.478181171167028	-0.19277178922013738	-2.5798798782837182
10.26609196312562	-0.17116105048866886	-3.1373186617622952
11.076996876119294	-0.09649237098252027	-3.776325416131196
11.927825205175013	0.01799569852166841	-4.5075461783778445
12.834949232512516	0.13881261147726504	-5.344591252316418
13.794404120129057	0.2248980397255107	-6.2609130424799195
14.79594218835409	0.22551712131780927	-7.218703666710795
15.82406380961259	0.140753081906754	-8.149768133772644
16.869958960998392	-0.0002937226271966439	-8.984126722278864
17.955104616265615	-0.12130546926185509	-9.713115193018108
19.10625515557188	-0.16936998261234296	-10.369008130624259
20.346656216790073	-0.14560011773307255	-11.027984027264804
21.669264220880784	-0.08450696570163586	-11.726548880673754
23.042463251914654	-0.03233627135739423	-12.447876364785158
24.441612598189042	0.019760902803463078	-13.180232730459956
25.855313788980823	0.07999853930277037	-13.956735376484392
27.2717228848691	0.14604290974911008	-14.822371187680158
28.673827694700154	0.18460588162808725	-15.803833162458716
30.034963768955677	0.20530258234818066	-16.891541062285302
-0.0744022761079667	-0.0009026015594204756	-0.39048796624813525
0.3087320366568719	-0.0819201369679161	-0.4641147481008333
0.7336581210770883	-0.09679473566670241	-0.5050054028784577
1.2137307098741335	-0.08878423464909237	-0.5302305279663515
1.7428253141874914	-0.0672444540056458	-0.5439126886251368
2.3312230915349863	-0.030071637215681013	-0.5549947165221004
2.990294993688907	0.01822222342647611	-0.5785251323024526
3.7191614522450887	0.06512465649565499	-0.6276383986139275
4.51019826790298	0.09557006413166097	-0.7151106939844883
5.347570340336309	0.10772193685599744	-0.8495782367985816
6.214264261178516	0.09312037338251096	-1.0371496765042783
7.101067544558338	0.057604220853790106	-1.2881124866868923
7.987325417562698	-0.00021055953851029883	-1.598949920596071
8.869309252653954	-0.07108275093225744	-1.9778870777663513
9.731745432110236	-0.13859827239591305	-2.4165533754114406
10.579673996268527	-0.18953069273631354	-2.9231226345923704
11.415429613864642	-0.2016603577670801	-3.497499676557637
12.251911035215603	-0.17113490119311753	-4.147440508192008
13.106199077437171	-0.09141897480554542	-4.885715348152476
13.991505951829627	0.021638643991688748	-5.7158527640791625
14.92291638424878	0.13555139410697153	-6.649338317256058
15.899000710615901	0.21291271928123864	-7.65918753984888
16.912679543993256	0.20472687616709917	-8.70465625023483
17.956081592500325	0.12139329534623453	-9.712994467758765
19.031414425640705	-0.0008727762368357121	-10.62464980899187
20.16261157575304	-0.09305172179160293	-11.44602590416775
21.36976232704726	-0.12003071476642997	-12.214814158240754
22.65746303665558	-0.10103955055987908	-12.984517928659606
24.004045292993606	-0.07039321825353105	-13.74824921563821
25.387363311267823	-0.034960072280091604	-14.494470930235234
26.80143195273723	0.039342810850613676	-15.264173300855564
28.23717804134361	0.13773782868282097	-16.116582997308047
29.67058665117641	0.25076886870761383	-17.076889866724464
