1	1705
72	1776
143	1847
214	1918
285	1989
356	2060
427	2131
498	2202
569	2273
640	2344
711	2415
782	2486
853	2557
924	2628
995	2699
1066	2770
1137	2841
1208	2912
1279	2983
1350	3054
1421	3125
1492	3196
1563	3267
1634	3338
2	1777
73	1848
144	1919
215	1990
286	2061
357	2132
428	2203
499	2274
570	2345
641	2416
712	2487
783	2558
854	2629
925	2700
996	2771
1067	2842
1138	2913
1209	2984
1280	3055
1351	3126
1422	3197
1493	3268
1564	3339
1635	1706
3	1849
74	1920
145	1991
216	2062
287	2133
358	2204
429	2275
500	2346
571	2417
642	2488
713	2559
784	2630
855	2701
926	2772
997	2843
1068	2914
1139	2985
1210	3056
1281	3127
1352	3198
1423	3269
1494	3340
1565	1707
1636	1778
4	1921
75	1992
146	2063
217	2134
288	2205
359	2276
430	2347
501	2418
572	2489
643	2560
714	2631
785	2702
856	2773
927	2844
998	2915
1069	2986
1140	3057
1211	3128
1282	3199
1353	3270
1424	3341
1495	1708
1566	1779
1637	1850
5	1993
76	2064
147	2135
218	2206
289	2277
360	2348
431	2419
502	2490
573	2561
644	2632
715	2703
786	2774
857	2845
928	2916
999	2987
1070	3058
1141	3129
1212	3200
1283	3271
1354	3342
1425	1709
1496	1780
1567	1851
1638	1922
6	2065
77	2136
148	2207
219	2278
290	2349
361	2420
432	2491
503	2562
574	2633
645	2704
716	2775
787	2846
858	2917
929	2988
1000	3059
1071	3130
1142	3201
1213	3272
1284	3343
1355	1710
1426	1781
1497	1852
1568	1923
1639	1994
7	2137
78	2208
149	2279
220	2350
291	2421
362	2492
433	2563
504	2634
575	2705
646	2776
717	2847
788	2918
859	2989
930	3060
1001	3131
1072	3202
1143	3273
1214	3344
1285	1711
1356	1782
1427	1853
1498	1924
1569	1995
1640	2066
8	2209
79	2280
150	2351
221	2422
292	2493
363	2564
434	2635
505	2706
576	2777
647	2848
718	2919
789	2990
860	3061
931	3132
1002	3203
1073	3274
1144	3345
1215	1712
1286	1783
1357	1854
1428	1925
1499	1996
1570	2067
1641	2138
9	2281
80	2352
151	2423
222	2494
293	2565
364	2636
435	2707
506	2778
577	2849
648	2920
719	2991
790	3062
861	3133
932	3204
1003	3275
1074	3346
1145	1713
1216	1784
1287	1855
1358	1926
1429	1997
1500	2068
1571	2139
1642	2210
10	2353
81	2424
152	2495
223	2566
294	2637
365	2708
436	2779
507	2850
578	2921
649	2992
720	3063
791	3134
862	3205
933	3276
1004	3347
1075	1714
1146	1785
1217	1856
1288	1927
1359	1998
1430	2069
1501	2140
1572	2211
1643	2282
11	2425
82	2496
153	2567
224	2638
295	2709
366	2780
437	2851
508	2922
579	2993
650	3064
721	3135
792	3206
863	3277
934	3348
1005	1715
1076	1786
1147	1857
1218	1928
1289	1999
1360	2070
1431	2141
1502	2212
1573	2283
1644	2354
12	2497
83	2568
154	2639
225	2710
296	2781
367	2852
438	2923
509	2994
580	3065
651	3136
722	3207
793	3278
864	3349
935	1716
1006	1787
1077	1858
1148	1929
1219	2000
1290	2071
1361	2142
1432	2213
1503	2284
1574	2355
1645	2426
13	2569
84	2640
155	2711
226	2782
297	2853
368	2924
439	2995
510	3066
581	3137
652	3208
723	3279
794	3350
865	1717
936	1788
1007	1859
1078	1930
1149	2001
1220	2072
1291	2143
1362	2214
1433	2285
1504	2356
1575	2427
1646	2498
14	2641
85	2712
156	2783
227	2854
298	2925
369	2996
440	3067
511	3138
582	3209
653	3280
724	3351
795	1718
866	1789
937	1860
1008	1931
1079	2002
1150	2073
1221	2144
1292	2215
1363	2286
1434	2357
1505	2428
1576	2499
1647	2570
15	2713
86	2784
157	2855
228	2926
299	2997
370	3068
441	3139
512	3210
583	3281
654	3352
725	1719
796	1790
867	1861
938	1932
1009	2003
1080	2074
1151	2145
1222	2216
1293	2287
1364	2358
1435	2429
1506	2500
1577	2571
1648	2642
16	2785
87	2856
158	2927
229	2998
300	3069
371	3140
442	3211
513	3282
584	3353
655	1720
726	1791
797	1862
868	1933
939	2004
1010	2075
1081	2146
1152	2217
1223	2288
1294	2359
1365	2430
1436	2501
1507	2572
1578	2643
1649	2714
17	2857
88	2928
159	2999
230	3070
301	3141
372	3212
443	3283
514	3354
585	1721
656	1792
727	1863
798	1934
869	2005
940	2076
1011	2147
1082	2218
1153	2289
1224	2360
1295	2431
1366	2502
1437	2573
1508	2644
1579	2715
1650	2786
18	2929
89	3000
160	3071
231	3142
302	3213
373	3284
444	3355
515	1722
586	1793
657	1864
728	1935
799	2006
870	2077
941	2148
1012	2219
1083	2290
1154	2361
1225	2432
1296	2503
1367	2574
1438	2645
1509	2716
1580	2787
1651	2858
19	3001
90	3072
161	3143
232	3214
303	3285
374	3356
445	1723
516	1794
587	1865
658	1936
729	2007
800	2078
871	2149
942	2220
1013	2291
1084	2362
1155	2433
1226	2504
1297	2575
1368	2646
1439	2717
1510	2788
1581	2859
1652	2930
20	3073
91	3144
162	3215
233	3286
304	3357
375	1724
446	1795
517	1866
588	1937
659	2008
730	2079
801	2150
872	2221
943	2292
1014	2363
1085	2434
1156	2505
1227	2576
1298	2647
1369	2718
1440	2789
1511	2860
1582	2931
1653	3002
21	3145
92	3216
163	3287
234	3358
305	1725
376	1796
447	1867
518	1938
589	2009
660	2080
731	2151
802	2222
873	2293
944	2364
1015	2435
1086	2506
1157	2577
1228	2648
1299	2719
1370	2790
1441	2861
1512	2932
1583	3003
1654	3074
22	3217
93	3288
164	3359
235	1726
306	1797
377	1868
448	1939
519	2010
590	2081
661	2152
732	2223
803	2294
874	2365
945	2436
1016	2507
1087	2578
1158	2649
1229	2720
1300	2791
1371	2862
1442	2933
1513	3004
1584	3075
1655	3146
23	3289
94	3360
165	1727
236	1798
307	1869
378	1940
449	2011
520	2082
591	2153
662	2224
733	2295
804	2366
875	2437
946	2508
1017	2579
1088	2650
1159	2721
1230	2792
1301	2863
1372	2934
1443	3005
1514	3076
1585	3147
1656	3218
24	3361
95	1728
166	1799
237	1870
308	1941
379	2012
450	2083
521	2154
592	2225
663	2296
734	2367
805	2438
876	2509
947	2580
1018	2651
1089	2722
1160	2793
1231	2864
1302	2935
1373	3006
1444	3077
1515	3148
1586	3219
1657	3290
25	1729
96	1800
167	1871
238	1942
309	2013
380	2084
451	2155
522	2226
593	2297
664	2368
735	2439
806	2510
877	2581
948	2652
1019	2723
1090	2794
1161	2865
1232	2936
1303	3007
1374	3078
1445	3149
1516	3220
1587	3291
1658	3362
26	1801
97	1872
168	1943
239	2014
310	2085
381	2156
452	2227
523	2298
594	2369
665	2440
736	2511
807	2582
878	2653
949	2724
1020	2795
1091	2866
1162	2937
1233	3008
1304	3079
1375	3150
1446	3221
1517	3292
1588	3363
1659	1730
27	1873
98	1944
169	2015
240	2086
311	2157
382	2228
453	2299
524	2370
595	2441
666	2512
737	2583
808	2654
879	2725
950	2796
1021	2867
1092	2938
1163	3009
1234	3080
1305	3151
1376	3222
1447	3293
1518	3364
1589	1731
1660	1802
28	1945
99	2016
170	2087
241	2158
312	2229
383	2300
454	2371
525	2442
596	2513
667	2584
738	2655
809	2726
880	2797
951	2868
1022	2939
1093	3010
1164	3081
1235	3152
1306	3223
1377	3294
1448	3365
1519	1732
1590	1803
1661	1874
29	2017
100	2088
171	2159
242	2230
313	2301
384	2372
455	2443
526	2514
597	2585
668	2656
739	2727
810	2798
881	2869
952	2940
1023	3011
1094	3082
1165	3153
1236	3224
1307	3295
1378	3366
1449	1733
1520	1804
1591	1875
1662	1946
30	2089
101	2160
172	2231
243	2302
314	2373
385	2444
456	2515
527	2586
598	2657
669	2728
740	2799
811	2870
882	2941
953	3012
1024	3083
1095	3154
1166	3225
1237	3296
1308	3367
1379	1734
1450	1805
1521	1876
1592	1947
1663	2018
31	2161
102	2232
173	2303
244	2374
315	2445
386	2516
457	2587
528	2658
599	2729
670	2800
741	2871
812	2942
883	3013
954	3084
1025	3155
1096	3226
1167	3297
1238	3368
1309	1735
1380	1806
1451	1877
1522	1948
1593	2019
1664	2090
32	2233
103	2304
174	2375
245	2446
316	2517
387	2588
458	2659
529	2730
600	2801
671	2872
742	2943
813	3014
884	3085
955	3156
1026	3227
1097	3298
1168	3369
1239	1736
1310	1807
1381	1878
1452	1949
1523	2020
1594	2091
1665	2162
33	2305
104	2376
175	2447
246	2518
317	2589
388	2660
459	2731
530	2802
601	2873
672	2944
743	3015
814	3086
885	3157
956	3228
1027	3299
1098	3370
1169	1737
1240	1808
1311	1879
1382	1950
1453	2021
1524	2092
1595	2163
1666	2234
34	2377
105	2448
176	2519
247	2590
318	2661
389	2732
460	2803
531	2874
602	2945
673	3016
744	3087
815	3158
886	3229
957	3300
1028	3371
1099	1738
1170	1809
1241	1880
1312	1951
1383	2022
1454	2093
1525	2164
1596	2235
1667	2306
35	2449
106	2520
177	2591
248	2662
319	2733
390	2804
461	2875
532	2946
603	3017
674	3088
745	3159
816	3230
887	3301
958	3372
1029	1739
1100	1810
1171	1881
1242	1952
1313	2023
1384	2094
1455	2165
1526	2236
1597	2307
1668	2378
36	2521
107	2592
178	2663
249	2734
320	2805
391	2876
462	2947
533	3018
604	3089
675	3160
746	3231
817	3302
888	3373
959	1740
1030	1811
1101	1882
1172	1953
1243	2024
1314	2095
1385	2166
1456	2237
1527	2308
1598	2379
1669	2450
37	2593
108	2664
179	2735
250	2806
321	2877
392	2948
463	3019
534	3090
605	3161
676	3232
747	3303
818	3374
889	1741
960	1812
1031	1883
1102	1954
1173	2025
1244	2096
1315	2167
1386	2238
1457	2309
1528	2380
1599	2451
1670	2522
38	2665
109	2736
180	2807
251	2878
322	2949
393	3020
464	3091
535	3162
606	3233
677	3304
748	3375
819	1742
890	1813
961	1884
1032	1955
1103	2026
1174	2097
1245	2168
1316	2239
1387	2310
1458	2381
1529	2452
1600	2523
1671	2594
39	2737
110	2808
181	2879
252	2950
323	3021
394	3092
465	3163
536	3234
607	3305
678	3376
749	1743
820	1814
891	1885
962	1956
1033	2027
1104	2098
1175	2169
1246	2240
1317	2311
1388	2382
1459	2453
1530	2524
1601	2595
1672	2666
40	2809
111	2880
182	2951
253	3022
324	3093
395	3164
466	3235
537	3306
608	3377
679	1744
750	1815
821	1886
892	1957
963	2028
1034	2099
1105	2170
1176	2241
1247	2312
1318	2383
1389	2454
1460	2525
1531	2596
1602	2667
1673	2738
41	2881
112	2952
183	3023
254	3094
325	3165
396	3236
467	3307
538	3378
609	1745
680	1816
751	1887
822	1958
893	2029
964	2100
1035	2171
1106	2242
1177	2313
1248	2384
1319	2455
1390	2526
1461	2597
1532	2668
1603	2739
1674	2810
42	2953
113	3024
184	3095
255	3166
326	3237
397	3308
468	3379
539	1746
610	1817
681	1888
752	1959
823	2030
894	2101
965	2172
1036	2243
1107	2314
1178	2385
1249	2456
1320	2527
1391	2598
1462	2669
1533	2740
1604	2811
1675	2882
43	3025
114	3096
185	3167
256	3238
327	3309
398	3380
469	1747
540	1818
611	1889
682	1960
753	2031
824	2102
895	2173
966	2244
1037	2315
1108	2386
1179	2457
1250	2528
1321	2599
1392	2670
1463	2741
1534	2812
1605	2883
1676	2954
44	3097
115	3168
186	3239
257	3310
328	3381
399	1748
470	1819
541	1890
612	1961
683	2032
754	2103
825	2174
896	2245
967	2316
1038	2387
1109	2458
1180	2529
1251	2600
1322	2671
1393	2742
1464	2813
1535	2884
1606	2955
1677	3026
45	3169
116	3240
187	3311
258	3382
329	1749
400	1820
471	1891
542	1962
613	2033
684	2104
755	2175
826	2246
897	2317
968	2388
1039	2459
1110	2530
1181	2601
1252	2672
1323	2743
1394	2814
1465	2885
1536	2956
1607	3027
1678	3098
46	3241
117	3312
188	3383
259	1750
330	1821
401	1892
472	1963
543	2034
614	2105
685	2176
756	2247
827	2318
898	2389
969	2460
1040	2531
1111	2602
1182	2673
1253	2744
1324	2815
1395	2886
1466	2957
1537	3028
1608	3099
1679	3170
47	3313
118	3384
189	1751
260	1822
331	1893
402	1964
473	2035
544	2106
615	2177
686	2248
757	2319
828	2390
899	2461
970	2532
1041	2603
1112	2674
1183	2745
1254	2816
1325	2887
1396	2958
1467	3029
1538	3100
1609	3171
1680	3242
48	3385
119	1752
190	1823
261	1894
332	1965
403	2036
474	2107
545	2178
616	2249
687	2320
758	2391
829	2462
900	2533
971	2604
1042	2675
1113	2746
1184	2817
1255	2888
1326	2959
1397	3030
1468	3101
1539	3172
1610	3243
1681	3314
49	1753
120	1824
191	1895
262	1966
333	2037
404	2108
475	2179
546	2250
617	2321
688	2392
759	2463
830	2534
901	2605
972	2676
1043	2747
1114	2818
1185	2889
1256	2960
1327	3031
1398	3102
1469	3173
1540	3244
1611	3315
1682	3386
50	1825
121	1896
192	1967
263	2038
334	2109
405	2180
476	2251
547	2322
618	2393
689	2464
760	2535
831	2606
902	2677
973	2748
1044	2819
1115	2890
1186	2961
1257	3032
1328	3103
1399	3174
1470	3245
1541	3316
1612	3387
1683	1754
51	1897
122	1968
193	2039
264	2110
335	2181
406	2252
477	2323
548	2394
619	2465
690	2536
761	2607
832	2678
903	2749
974	2820
1045	2891
1116	2962
1187	3033
1258	3104
1329	3175
1400	3246
1471	3317
1542	3388
1613	1755
1684	1826
52	1969
123	2040
194	2111
265	2182
336	2253
407	2324
478	2395
549	2466
620	2537
691	2608
762	2679
833	2750
904	2821
975	2892
1046	2963
1117	3034
1188	3105
1259	3176
1330	3247
1401	3318
1472	3389
1543	1756
1614	1827
1685	1898
53	2041
124	2112
195	2183
266	2254
337	2325
408	2396
479	2467
550	2538
621	2609
692	2680
763	2751
834	2822
905	2893
976	2964
1047	3035
1118	3106
1189	3177
1260	3248
1331	3319
1402	3390
1473	1757
1544	1828
1615	1899
1686	1970
54	2113
125	2184
196	2255
267	2326
338	2397
409	2468
480	2539
551	2610
622	2681
693	2752
764	2823
835	2894
906	2965
977	3036
1048	3107
1119	3178
1190	3249
1261	3320
1332	3391
1403	1758
1474	1829
1545	1900
1616	1971
1687	2042
55	2185
126	2256
197	2327
268	2398
339	2469
410	2540
481	2611
552	2682
623	2753
694	2824
765	2895
836	2966
907	3037
978	3108
1049	3179
1120	3250
1191	3321
1262	3392
1333	1759
1404	1830
1475	1901
1546	1972
1617	2043
1688	2114
56	2257
127	2328
198	2399
269	2470
340	2541
411	2612
482	2683
553	2754
624	2825
695	2896
766	2967
837	3038
908	3109
979	3180
1050	3251
1121	3322
1192	3393
1263	1760
1334	1831
1405	1902
1476	1973
1547	2044
1618	2115
1689	2186
57	2329
128	2400
199	2471
270	2542
341	2613
412	2684
483	2755
554	2826
625	2897
696	2968
767	3039
838	3110
909	3181
980	3252
1051	3323
1122	3394
1193	1761
1264	1832
1335	1903
1406	1974
1477	2045
1548	2116
1619	2187
1690	2258
58	2401
129	2472
200	2543
271	2614
342	2685
413	2756
484	2827
555	2898
626	2969
697	3040
768	3111
839	3182
910	3253
981	3324
1052	3395
1123	1762
1194	1833
1265	1904
1336	1975
1407	2046
1478	2117
1549	2188
1620	2259
1691	2330
59	2473
130	2544
201	2615
272	2686
343	2757
414	2828
485	2899
556	2970
627	3041
698	3112
769	3183
840	3254
911	3325
982	3396
1053	1763
1124	1834
1195	1905
1266	1976
1337	2047
1408	2118
1479	2189
1550	2260
1621	2331
1692	2402
60	2545
131	2616
202	2687
273	2758
344	2829
415	2900
486	2971
557	3042
628	3113
699	3184
770	3255
841	3326
912	3397
983	1764
1054	1835
1125	1906
1196	1977
1267	2048
1338	2119
1409	2190
1480	2261
1551	2332
1622	2403
1693	2474
61	2617
132	2688
203	2759
274	2830
345	2901
416	2972
487	3043
558	3114
629	3185
700	3256
771	3327
842	3398
913	1765
984	1836
1055	1907
1126	1978
1197	2049
1268	2120
1339	2191
1410	2262
1481	2333
1552	2404
1623	2475
1694	2546
62	2689
133	2760
204	2831
275	2902
346	2973
417	3044
488	3115
559	3186
630	3257
701	3328
772	3399
843	1766
914	1837
985	1908
1056	1979
1127	2050
1198	2121
1269	2192
1340	2263
1411	2334
1482	2405
1553	2476
1624	2547
1695	2618
63	2761
134	2832
205	2903
276	2974
347	3045
418	3116
489	3187
560	3258
631	3329
702	3400
773	1767
844	1838
915	1909
986	1980
1057	2051
1128	2122
1199	2193
1270	2264
1341	2335
1412	2406
1483	2477
1554	2548
1625	2619
1696	2690
64	2833
135	2904
206	2975
277	3046
348	3117
419	3188
490	3259
561	3330
632	3401
703	1768
774	1839
845	1910
916	1981
987	2052
1058	2123
1129	2194
1200	2265
1271	2336
1342	2407
1413	2478
1484	2549
1555	2620
1626	2691
1697	2762
65	2905
136	2976
207	3047
278	3118
349	3189
420	3260
491	3331
562	3402
633	1769
704	1840
775	1911
846	1982
917	2053
988	2124
1059	2195
1130	2266
1201	2337
1272	2408
1343	2479
1414	2550
1485	2621
1556	2692
1627	2763
1698	2834
66	2977
137	3048
208	3119
279	3190
350	3261
421	3332
492	3403
563	1770
634	1841
705	1912
776	1983
847	2054
918	2125
989	2196
1060	2267
1131	2338
1202	2409
1273	2480
1344	2551
1415	2622
1486	2693
1557	2764
1628	2835
1699	2906
67	3049
138	3120
209	3191
280	3262
351	3333
422	3404
493	1771
564	1842
635	1913
706	1984
777	2055
848	2126
919	2197
990	2268
1061	2339
1132	2410
1203	2481
1274	2552
1345	2623
1416	2694
1487	2765
1558	2836
1629	2907
1700	2978
68	3121
139	3192
210	3263
281	3334
352	3405
423	1772
494	1843
565	1914
636	1985
707	2056
778	2127
849	2198
920	2269
991	2340
1062	2411
1133	2482
1204	2553
1275	2624
1346	2695
1417	2766
1488	2837
1559	2908
1630	2979
1701	3050
69	3193
140	3264
211	3335
282	3406
353	1773
424	1844
495	1915
566	1986
637	2057
708	2128
779	2199
850	2270
921	2341
992	2412
1063	2483
1134	2554
1205	2625
1276	2696
1347	2767
1418	2838
1489	2909
1560	2980
1631	3051
1702	3122
70	3265
141	3336
212	3407
283	1774
354	1845
425	1916
496	1987
567	2058
638	2129
709	2200
780	2271
851	2342
922	2413
993	2484
1064	2555
1135	2626
1206	2697
1277	2768
1348	2839
1419	2910
1490	2981
1561	3052
1632	3123
1703	3194
71	3337
142	3408
213	1775
284	1846
355	1917
426	1988
497	2059
568	2130
639	2201
710	2272
781	2343
852	2414
923	2485
994	2556
1065	2627
1136	2698
1207	2769
1278	2840
1349	2911
1420	2982
1491	3053
1562	3124
1633	3195
1704	3266
